/*--------------------------------*- C++ -*----------------------------------*\
| =========                 |                                                 |
| \\      /  F ield         | OpenFOAM: The Open Source CFD Toolbox           |
|  \\    /   O peration     | Version:  v1912                                 |
|   \\  /    A nd           | Website:  www.openfoam.com                      |
|    \\/     M anipulation  |                                                 |
\*---------------------------------------------------------------------------*/
FoamFile
{
    version     2.0;
    format      ascii;
    class       volScalarField;
    location    "60000";
    object      omega;
}
// * * * * * * * * * * * * * * * * * * * * * * * * * * * * * * * * * * * * * //

dimensions      [0 0 -1 0 0 0 0];


internalField   nonuniform List<scalar> 
4520
(
6575.6115
5324.0855
4499.2543
3897.4175
3503.155
3201.3378
3041.2686
2933.9137
2946.9137
2997.9299
3105.3118
3292.4675
3499.9413
3770.7935
4026.6212
4302.3714
4516.2322
4702.6524
4803.6802
4866.9717
4870.4274
4862.3378
4851.5678
4835.8838
6577.7278
5321.8023
4501.5883
3890.7404
3501.1123
3177.8874
3019.5367
2874.733
2875.9093
2913.3258
3013.3498
3195.6321
3435.1051
3734.3564
4052.0982
4355.4804
4617.3318
4795.9931
4911.1233
4946.253
4938.6127
4922.5918
4897.6939
4867.2596
6579.1469
5324.7847
4502.0948
3892.7782
3499.8187
3178.5834
3016.3444
2872.5983
2871.8146
2907.1503
3005.9336
3182.6715
3396.156
3693.0492
3975.174
4272.6677
4504.8967
4692.3136
4794.7402
4854.075
4848.5696
4840.6974
4822.1872
4803.4599
6580.4903
5327.222
4501.7602
3894.4315
3498.3501
3179.128
3014.5277
2871.8471
2868.9101
2903.7878
3001.1569
3175.2683
3390.6461
3685.9945
3973.1783
4272.4366
4512.7743
4701.0429
4810.6674
4865.6708
4864.9811
4852.441
4835.6058
4816.5341
6581.7913
5328.4266
4500.6698
3893.8052
3495.7304
3177.6112
3011.4485
2869.4865
2865.2364
2899.7481
2997.1116
3170.5074
3383.1828
3681.3662
3965.5328
4268.4468
4507.2629
4699.796
4808.4466
4866.9826
4865.8022
4857.1823
4839.8609
4822.2129
6582.6817
5327.9541
4497.0787
3889.6276
3489.4497
3171.9212
3004.3146
2862.9115
2857.5019
2891.7272
2988.9747
3161.9374
3371.9204
3677.0071
3956.7827
4272.5661
4507.9303
4714.4673
4821.9513
4889.7894
4892.0969
4880.5959
4866.5268
4850.5105
6582.8609
5324.7035
4489.0139
3879.5038
3476.7373
3159.1741
2990.2121
2849.0619
2842.733
2877.3393
2972.7136
3142.5993
3360.1061
3665.074
3952.2068
4276.3236
4517.5892
4738.7282
4846.1263
4928.9588
4930.8687
4924.3497
4909.5901
4894.4086
6582.0345
5317.3408
4474.2575
3860.5515
3454.4919
3135.9949
2965.9127
2824.5777
2817.9128
2852.8795
2948.6161
3117.9491
3343.4604
3650.3141
3951.8018
4283.2014
4543.1921
4772.9119
4896.3887
4983.4066
4993.8411
4987.5029
4973.7097
4959.4763
6579.9846
5305.079
4451.5514
3831.2395
3421.1486
3100.7579
2929.9392
2787.9553
2781.7687
2817.4028
2914.2981
3084.7551
3319.6918
3632.724
3951.8982
4296.7971
4580.2513
4824.6731
4968.0835
5062.2329
5083.2619
5077.2275
5064.1305
5052.4539
6576.7879
5288.6936
4422.1812
3793.4298
3378.8013
3055.893
2884.6918
2741.7704
2736.6941
2773.2935
2871.6304
3044.3483
3291.1264
3612.2884
3953.4861
4315.8076
4628.2771
4891.6917
5059.7583
5163.4997
5197.5321
5191.8069
5181.3969
5165.8497
6573.0058
5270.6289
4390.1022
3752.3865
3333.1679
3007.6843
2836.2425
2692.3726
2688.4377
2726.1635
2825.3745
3000.3361
3261.2103
3589.8049
3956.1624
4336.6051
4682.2278
4966.5902
5163.5227
5278.6072
5328.6921
5323.3947
5314.3375
5298.8665
6569.359
5253.8898
4360.0684
3714.2088
3290.743
2963.0993
2791.3299
2646.7367
2643.4451
2682.507
2780.535
2957.3154
3234.1295
3566.0786
3959.4145
4354.4489
4735.1365
5038.3688
5266.927
5392.8942
5462.4493
5461.1131
5451.527
5433.325
6566.4383
5240.4585
4335.3653
3682.9136
3255.8401
2926.5605
2754.3814
2609.2888
2606.0539
2645.7473
2747.4729
2916.4013
3215.0515
3541.7523
3964.8089
4365.2827
4783.8647
5097.7591
5362.7934
5494.0171
5588.6564
5595.1941
5584.8464
5564.3927
6564.2956
5230.9391
4316.9708
3659.7313
3229.5484
2899.3329
2726.4268
2581.204
2577.248
2616.9609
2718.8683
2889.1912
3194.4736
3520.6174
3960.9599
4371.7728
4812.0057
5146.1191
5428.6591
5580.6621
5685.0471
5705.0338
5693.9352
5673.077
6562.771
5224.449
4304.0286
3643.0563
3210.5642
2879.4025
2705.7715
2560.1677
2555.5717
2594.342
2692.5878
2871.1269
3167.2808
3511.7362
3945.9324
4381.2799
4823.1492
5185.6919
5475.379
5651.5776
5761.8713
5802.4802
5788.7815
5777.3101
6559.2298
5221.0201
4298.391
3637.2564
3198.3164
2878.8684
2707.3651
2587.7561
2603.5789
2592.7912
2861.6441
2799.4867
3440.8437
3410.4513
4247.9312
4313.5382
5101.8531
5188.8367
5699.2437
5793.4634
5937.3195
6146.0444
6608.6374
8393.6524
6521.3977
5259.5064
4464.2568
3878.3687
3630.023
3683.5942
3844.1497
4068.3431
4351.8494
4194.5864
5279.8121
4795.1257
6623.3348
5779.6928
8411.0385
7092.5077
10728.739
8767.4774
14130.459
13751.459
17449.982
23501.466
29952.708
45161.714
6359.8875
6432.047
7304.1134
8667.7824
9551.1856
10002.936
10416.07
11064.217
12045.586
12012.797
16296.562
15674.337
23009.092
21212.521
32848.655
30434.726
47061.733
48054.888
64734.481
73311.303
87971.856
104082.51
121401.55
140348.66
8951.4948
16731.675
23529.846
24236.078
22293.363
21918.113
23038.873
25493.64
29185.077
32761.778
41841.888
49185.02
62684.567
72682.986
92925.131
109306.93
134174.97
157013.73
177541.24
199197.8
214011.85
233060.13
251325.97
250492.81
25879.26
56470.886
56563.018
45684.193
42351.898
44677.797
50052.218
57912.981
68492.035
81173.428
98575.028
122206.92
145802.79
179944.35
214101.42
259166.13
297558.77
339068.6
365584.81
391073.08
403525.03
419817.84
420575.23
410059.78
93811.242
119283.3
98797.358
87243.157
91140.979
102110.58
117390.59
137056.06
162577.94
191513.77
228718.07
278083.95
329125.24
397911.62
466416.76
546993.78
612704.2
670844.17
706757.86
729411.92
733758.98
731390.07
706793.61
700640.34
261471.38
234064.61
207396.94
209675.71
226386.51
252351.87
288348.83
336498.15
399125.81
470639.9
564303.58
673442.92
797906.94
936603.33
1078966.5
1218269.8
1326970.7
1405674.9
1447927
1453145.8
1429453.8
1382433.1
1302766
1269715.5
991601.1
902116.9
847369.83
837551.92
858481.65
905218.56
978490.6
1081415.1
1218617.4
1395834.3
1627605.1
1901673.9
2244008.6
2597936.7
2956459.3
3238060.2
3447096.6
3551203.4
3572985.5
3504877
3378709.7
3193980.8
2964397.3
2822812.9
7427600.8
6907346.5
6499523.9
6346092
6407069.7
6644614.7
7038453.7
7577629.6
8253498.9
9051464.9
9941629.2
10873189
11778004
12569042
13169397
13517335
13619390
13440482
13064024
12489948
11813902
11028038
10239492
9663117.3
115639.62
113899.94
112471.28
111135.48
109866.59
108553.5
107259.98
130949.95
131869.55
126248.31
121983.93
119261.45
118582.17
119354.37
129977.05
23578.573
20604.172
19191.25
18685.779
18495.013
18461.112
19635.694
22085.212
20484.25
19832.004
20538.572
21946.184
23859.518
24118.774
16034.963
8909.4407
8790.2923
7863.9771
7357.2395
7179.794
7109.1312
7971.027
8823.0138
7340.8492
6462.9053
6696.9473
6882.0152
6525.0617
5902.5088
3535.4957
4766.9795
5158.0272
5126.081
4813.6795
4424.3191
4049.1293
3969.9315
5084.8024
4349.5412
3227.8217
2865.2271
2588.7844
2373.6704
1826.1338
2113.9823
3455.3516
2879.601
3057.4642
3036.3918
2833.1517
2303.232
1928.1217
3075.5702
2886.915
2154.7517
1683.7327
1404.4065
1269.9455
1141.4035
1599.6526
3239.3756
1770.921
1498.7211
1424.7001
1367.1702
1023.9885
650.76727
1730.9429
1959.6151
1640.0066
1257.2687
1016.4974
941.26498
816.69123
1202.0329
3233.9993
1573.5337
1026.6351
778.23947
669.91439
513.64993
247.60689
828.34149
1228.6973
1157.3519
993.83578
807.54596
730.73676
609.0077
759.13567
3236.2701
1560.7498
986.28105
720.18867
564.62281
469.77256
369.47395
437.90187
641.23495
653.0383
607.89856
515.80876
456.66774
427.51233
486.4413
3237.5428
1559.5592
984.51995
716.78286
561.65091
461.98896
375.77414
357.2324
369.14863
362.30092
342.75149
312.92353
317.12455
325.88577
368.1201
3238.5069
1558.3669
983.68766
715.13211
561.52151
459.19866
377.75786
341.18197
302.6265
279.88294
255.45594
256.81299
264.29389
284.63974
310.84584
3239.2381
1556.7657
982.16557
713.82776
560.0878
457.86301
374.86026
333.39735
287.4735
259.85298
237.69951
238.71356
245.77427
257.01543
277.44755
3239.8408
1554.8843
980.4078
712.19768
558.39533
456.29598
371.12088
326.80524
279.57177
253.01033
229.99413
228.04573
231.65207
238.90945
250.0072
3240.4039
1553.0212
978.63866
710.17192
556.83481
453.70531
368.44445
318.69226
275.37159
244.60198
226.48622
218.19166
219.31277
222.35245
227.90975
3240.9982
1551.4779
976.8433
708.16814
554.89971
450.95103
365.52725
311.25571
269.35552
238.94223
220.09891
211.05747
207.53179
207.9725
209.58364
3241.6875
1550.3779
975.27504
706.04894
552.91518
447.70078
363.00385
303.97475
264.15615
231.81311
215.73641
202.53025
199.42329
195.66943
195.80696
3242.4856
1549.7228
973.84732
704.07911
550.61894
444.64475
360.05075
298.27136
257.99103
226.38571
209.61561
196.2948
191.40785
186.87372
185.61079
3243.3817
1549.3553
972.63947
702.25478
548.33428
441.86109
357.07298
294.08012
252.35421
221.48682
203.72308
190.75976
184.66861
179.99006
178.0205
3244.3579
1549.1976
971.71394
700.78508
546.45182
439.67966
354.7629
291.22537
248.11778
217.51757
198.88163
186.19668
179.3937
174.76306
172.43592
3245.3929
1549.2609
971.1755
699.84163
545.20752
438.28726
353.32231
289.51866
245.43044
214.86511
195.5471
183.01231
175.77266
171.20261
168.67647
3246.4225
1549.5275
971.00725
699.41354
544.57977
437.63498
352.71074
288.73922
244.07195
213.45282
193.72145
181.2188
173.73494
169.17645
166.53971
3247.3215
1549.8557
971.05751
699.30523
544.35935
437.47827
352.69437
288.62069
243.62704
212.93408
192.99771
180.47298
172.86011
168.27893
165.57643
3247.9131
1550.1156
971.17496
699.34744
544.35328
437.61639
353.14429
288.96386
243.74276
212.95737
192.93846
180.36437
172.68152
168.05525
165.30585
3247.9356
1550.1305
971.25149
699.52193
544.6848
438.37136
354.71085
290.50548
244.14561
213.8525
192.82041
180.84975
172.49525
168.17983
165.11154
3255.5248
1577.2599
1018.6652
767.08475
631.6736
545.98205
485.19445
444.97262
420.50559
405.56759
397.54268
392.30587
390.02292
388.23712
387.64143
4815.8567
4792.4264
4767.0649
4738.2196
4711.0179
4681.7103
4654.6013
4608.2965
4553.8146
4490.7551
4437.3992
4368.718
4306.6501
4228.7398
4160.9065
4080.2733
4010.548
3927.2052
3858.4059
3774.3949
3708.7795
3626.2667
3565.8107
3486.6345
3432.5799
3357.8939
3310.6141
3240.9427
3200.1199
3135.5683
3100.5061
3041.495
3008.7354
2947.5826
3253.1722
4723.5872
6124.3403
6806.0559
7185.2071
7407.8115
7521.4897
7548.4747
7536.3414
7484.3987
7397.2183
7309.4514
7214.6896
7105.2597
6970.8018
6794.4462
6553.7016
6232.4607
5824.5122
5323.7755
4730.7387
4063.3165
3357.7123
2660.5746
2020.0401
1469.7091
1031.6599
693.81073
470.98059
267.96688
4844.6399
4822.2072
4794.5002
4767.0842
4736.6153
4709.2678
4677.0313
4634.9403
4575.4469
4518.5702
4456.0842
4394.7775
4322.4259
4254.7196
4175.973
4106.8573
4024.7788
3954.5131
3870.302
3801.6938
3717.6299
3653.0617
3571.3798
3512.7329
3434.9971
3383.2692
3310.0976
3265.5336
3196.9898
3159.236
3095.5572
3061.9144
2992.4935
3035.0434
3863.3029
5357.9859
6314.2432
6889.7763
7232.9465
7438.6041
7542.9179
7565.4376
7550.4247
7494.9321
7406.2002
7316.9118
7220.6253
7109.7692
6974.1074
6796.9335
6555.7082
6233.9691
5825.4198
5324.2213
4730.9354
4063.4139
3357.8039
2660.7045
2020.2109
1469.898
1031.8408
693.95854
471.1008
268.02539
4783.3022
4760.5043
4735.4856
4708.1773
4680.8197
4654.1063
4625.4486
4583.2021
4525.6273
4469.9152
4410.4194
4351.4457
4281.4206
4215.0763
4138.6256
4069.039
3990.0646
3918.2863
3839.813
3766.5823
3692.2458
3617.9451
3551.7005
3476.7916
3420.8263
3346.6406
3300.3967
3229.4663
3190.4067
3124.5097
3092.1744
3016.1706
3013.1469
3500.8801
4963.151
6041.0733
6657.3317
7077.6286
7348.3592
7515.2917
7596.5605
7607.8266
7584.6066
7520.009
7427.5389
7334.7592
7235.0297
7120.9272
6982.4331
6803.1758
6560.5804
6237.5118
5827.4813
5325.1273
4731.17
4063.3357
3357.6514
2660.6088
2020.2121
1469.9774
1031.9599
694.07524
471.20817
268.07873
4794.9118
4772.5702
4746.1186
4719.1502
4690.99
4664.7828
4636.1221
4594.203
4536.7499
4479.4849
4419.67
4358.1922
4288.3531
4220.1083
4143.6018
4073.5686
3992.918
3923.0876
3840.4242
3772.4792
3690.1882
3626.2528
3546.3303
3488.1804
3411.991
3360.9065
3288.4792
3245.4493
3176.1206
3141.6042
3059.1887
3058.3113
3409.2408
4674.9894
5946.8349
6644.6787
7061.5768
7344.5161
7528.3752
7640.7362
7686.0579
7679.9654
7639.9636
7561.0995
7462.3408
7363.9974
7258.9163
7139.7337
6996.6758
6813.8429
6568.7196
6243.3072
5830.8136
5326.5284
4731.4126
4063.0173
3357.1801
2660.2179
2019.9859
1469.9027
1031.9847
694.13839
471.28712
268.11933
4800.6595
4777.1107
4750.7675
4722.533
4695.0438
4668.2861
4641.3496
4598.2974
4542.3075
4483.3868
4425.818
4361.7563
4294.9778
4222.5824
4150.6153
4074.3283
4000.4022
3922.0836
3848.5651
3769.7523
3699.2215
3621.4993
3556.8854
3481.1107
3424.7018
3351.0628
3304.2062
3231.8971
3198.3127
3106.2684
3132.8803
3507.3642
4725.5719
5940.4986
6706.8292
7185.148
7476.8149
7655.5237
7757.6257
7809.8287
7812.8586
7782.4078
7714.6114
7620.1429
7511.1739
7405.1196
7292.8455
7166.7954
7017.4081
6829.3639
6580.3692
6251.4697
5835.4582
5328.402
4731.5937
4062.3708
3356.3061
2659.464
2019.4839
1469.642
1031.8955
694.13643
471.33091
268.14388
4828.8983
4803.8854
4776.967
4747.1769
4720.126
4693.1557
4668.7011
4624.7003
4569.5658
4507.0602
4450.3074
4381.2416
4316.4352
4238.2426
4169.5939
4086.7361
4017.0296
3931.4592
3862.7716
3776.5508
3711.7299
3626.3878
3568.2278
3485.2189
3434.3235
3356.7492
3308.8373
3244.3724
3189.2869
3288.3809
3819.1393
5111.1561
6198.6132
6883.8902
7363.0606
7682.7817
7878.6381
7977.6512
8012.4438
8009.0176
7974.6785
7904.7338
7807.8015
7695.3151
7573.0701
7457.4289
7336.395
7201.9267
7044.5938
6849.7226
6595.4491
6261.8811
5841.3026
5330.6299
4731.586
4061.2739
3354.9256
2658.2685
2018.6522
1469.1615
1031.6722
694.05784
471.3331
268.14918
4870.891
4843.2778
4814.6876
4782.7676
4755.9044
4729.5792
4707.9046
4664.077
4608.3696
4544.302
4485.5225
4414.7401
4347.1357
4267.9242
4196.3736
4112.9183
4040.4847
3954.5279
3883.2501
3797.3349
3728.4387
3646.5897
3580.081
3505.9558
3442.2801
3375.8308
3314.6688
3372.3665
3697.8381
4586.3338
5852.6918
6710.2708
7273.774
7666.6788
7951.4744
8141.9703
8252.6043
8285.376
8272.9879
8228.0562
8146.0713
8040.1475
7915.0523
7782.4266
7645.1977
7518.709
7387.8522
7243.8607
7077.3307
6874.2464
6613.3943
6274.0737
5847.9971
5332.9454
4731.1757
4059.5551
3352.9082
2656.5383
2017.4292
1468.4231
1031.2928
693.8902
471.28688
268.13177
4934.5175
4903.6276
4873.475
4838.4652
4812.7433
4788.8736
4770.2328
4727.8159
4674.4015
4603.1772
4545.601
4465.3983
4400.5071
4310.6542
4243.9383
4148.92
4082.4283
3984.8479
3919.8346
3823.1275
3761.2918
3665.0538
3610.3202
3517.4726
3525.5017
3626.3406
3995.3629
4751.9739
5950.8238
6865.0378
7462.1079
7863.681
8143.7193
8336.8402
8473.4647
8555.3265
8586.4101
8570.6442
8521.1559
8432.4862
8315.1138
8177.9293
8027.2166
7874.9914
7722.9011
7585.1866
7444.1277
7290.1245
7113.702
6901.461
6633.0312
6287.1367
5854.8813
5334.8845
4730.0333
4056.9803
3350.0905
2654.1639
2015.745
1467.3846
1030.7331
693.62
471.1849
268.0879
5022.1737
4991.293
4953.9523
4920.5329
4891.0572
4876.2156
4860.3608
4824.7172
4762.0017
4692.0643
4623.2591
4543.1029
4466.1928
4379.2026
4298.4524
4209.8733
4127.9712
4038.1359
3954.1619
3865.4265
3810.121
3825.7751
3957.1666
4273.8065
4855.3703
5699.524
6708.0429
7528.1105
8063.1382
8404.6505
8630.1923
8770.5115
8854.8011
8899.4802
8919.6219
8911.0816
8881.1725
8820.3284
8730.2717
8611.5187
8467.0419
8305.3841
8134.0398
7965.135
7800.1628
7651.8143
7500.9276
7337.1243
7150.7908
6929.0553
6652.5357
6299.6626
5860.9361
5335.7496
4727.6891
4053.2389
3346.2705
2651.0167
2013.5207
1465.9993
1029.9668
693.2326
471.01923
268.01352
5135.9805
5098.5352
5060.8782
5022.4153
4997.5493
4988.6028
4980.1002
4950.1797
4883.4354
4809.1058
4722.7535
4645.2941
4545.031
4470.3354
4363.4344
4289.0002
4175.2889
4190.3921
4267.7235
4526.8121
5010.4875
5659.1361
6455.4515
7336.2961
8120.2667
8725.586
9103.0129
9357.1802
9482.8076
9519.9038
9515.3935
9477.5548
9419.172
9353.2737
9285.9525
9207.3412
9120.6987
9018.964
8897.8692
8755.1809
8590.9409
8411.9187
8226.0576
8044.8403
7870.3625
7712.8101
7553.1596
7380.4421
7184.8742
6953.9979
6669.4858
6309.7629
5864.7796
5334.6001
4723.5238
4047.9369
3341.2037
2646.9483
2010.6684
1464.2165
1028.9652
692.71222
470.78139
267.90423
5265.3208
5227.5262
5183.384
5151.0158
5120.0284
5118.26
5116.7029
5092.6293
5032.4341
4951.0796
4854.6059
4756.6037
4654.885
4543.7392
4572.518
4773.3668
5275.3739
6109.402
6955.0215
7920.4224
8758.5468
9496.4227
9956.3527
10297.289
10524.103
10678.843
10679.278
10621.712
10488.552
10327.193
10163.22
10001.67
9848.0847
9702.3876
9568.2697
9435.6978
9303.7443
9167.1319
9020.2658
8858.6369
8680.4785
8490.3051
8295.8962
8107.051
7927.086
7762.3081
7595.4745
7415.2865
7211.7751
6972.7846
6681.0189
6315.1689
5864.7208
5330.263
4716.7711
4040.5959
3334.6027
2641.7903
2007.0911
1461.9812
1027.698
692.04204
470.4623
267.75535
5400.6127
5357.427
5321.6399
5273.4311
5271.5494
5285.0069
5382.996
5354.753
5238.6752
5137.0759
4983.0861
4983.5322
5138.0417
5733.4487
7138.7875
8580.1069
9908.4759
10923.933
11601.597
11999.94
12200.974
12355.133
12351.128
12304.519
12180.499
12003.821
11754.542
11479.448
11183.637
10894.216
10626.064
10380.917
10159.768
9956.5976
9772.2451
9598.1773
9430.7505
9265.5051
9097.4659
8920.8143
8733.1464
8536.6556
8338.6103
8146.3363
7964.739
7794.9749
7622.8422
7436.9958
7227.2925
6981.7729
6684.0867
6313.4216
5858.9038
5321.3869
4706.5449
4030.6647
3326.1415
2635.3563
2002.684
1459.235
1026.133
691.20434
470.0524
267.56191
5528.355
5490.8224
5448.5888
5419.5926
5439.4361
5694.5824
7322.0856
8297.724
7813.9805
7363.0904
7754.1065
8127.3643
9801.1652
12024.382
13650.907
14542.652
14952.836
15078.388
15052.202
14931.112
14666.503
14386.686
14039.48
13680.651
13292.715
12889.419
12466.789
12051.209
11650.551
11279.363
10943.554
10642.111
10373.06
10128.165
9906.1128
9700.0366
9504.9101
9316.6312
9131.4152
8942.9084
8748.9497
8549.5651
8351.4233
8159.0412
7978.9846
7806.4918
7631.0306
7441.5037
7227.6286
6977.5906
6675.8245
6302.1115
5845.3392
5306.5698
4691.8921
4017.5431
3315.4655
2627.4462
1997.3366
1455.9169
1024.2366
690.18054
469.54167
267.31871
5632.9389
5611.3149
5553.014
5552.9421
6255.0235
10553.569
22506.095
25158.109
21930.416
18419.239
18331.871
18522.621
19304.157
19461.408
19318.401
19066.108
18660.252
18138.394
17568.383
16993.604
16379.192
15781.663
15174.056
14590.101
14016.635
13460.839
12923.834
12419.529
11952.555
11528.919
11148.48
10808.31
10504.66
10228.882
9978.256
9747.3235
9530.4419
9323.8153
9125.111
8928.0042
8730.3305
8530.4236
8334.399
8144.1447
7967.5933
7794.0168
7617.0938
7425.871
7209.9361
6957.4434
6653.6066
6278.9586
5822.2621
5284.4576
4671.8649
4000.619
3302.2084
2617.8529
1990.9351
1451.9644
1021.9743
688.95141
468.91962
267.02027
5765.5129
5704.3297
5737.7346
6890.8693
15697.454
40976.507
51988.172
51667.321
44710.071
36786.737
32825.643
28938.779
26326.255
24623.047
23342.775
22276.063
21274.304
20278.42
19309.309
18398.351
17523.174
16698.282
15905.554
15166.017
14467.996
13813.465
13203.346
12643.425
12134.221
11676.006
11265.037
10897.212
10567.814
10268.61
9996.0279
9745.5548
9512.5016
9292.3583
9082.4063
8877.9789
8677.7866
8478.7827
8286.4749
8100.0659
7928.7286
7755.6931
7578.991
7387.8671
7171.8354
6919.153
6615.5475
6242.3261
5788.2209
5253.8816
4645.6043
3979.3151
3286.0142
2606.3717
1983.3661
1447.315
1019.3113
687.49722
468.17536
266.66091
8047.9587
8013.663
10616.761
24618.631
60222.432
74933.474
74815.608
70773.232
60241.485
49426.948
41199.745
34711.128
30628.66
28025.53
26086.968
24479.438
23051.94
21716.921
20465.94
19317.831
18256.163
17273.104
16353.783
15510.01
14730.659
14013.43
13356.991
12761.781
12224.876
11742.832
11309.981
10921.613
10572.529
10255.813
9967.1223
9701.5891
9454.3666
9222.3662
9004.0898
8794.8474
8593.6672
8396.645
8208.7405
8027.0442
7861.6169
7690.9937
7516.1423
7326.8267
7112.5978
6861.801
6560.6236
6191.1663
5742.226
5213.9762
4612.423
3953.1388
3266.5635
2592.812
1974.5215
1441.9077
1016.2129
685.79796
467.29764
266.23472
38061.336
37696.018
49837.203
83514.611
95388.662
93505.392
85931.732
78289.736
66959.926
54728.509
44788.401
37716.449
33235.536
30234.203
27910.91
25948.374
24223.136
22649.313
21202.708
19891.058
18699.013
17607.938
16604.055
15691.852
14860.216
14103.403
13417.37
12799.158
12243.305
11744.082
11295.698
10892.405
10528.862
10197.282
9894.5181
9616.5116
9359.2165
9119.0476
8894.9282
8682.633
8481.5194
8287.1652
8103.9865
7927.4747
7768.1495
7601.0885
7429.3777
7243.2744
7032.4416
6785.3708
6488.6436
6125.1546
5683.8459
5164.2637
4571.8742
3921.7286
3243.5989
2577.0093
1964.3029
1435.6847
1012.6449
683.83341
466.2748
265.73554
127327.96
133569.93
132655.37
127696.58
113032.81
99947.921
89395.66
80287.934
68463.491
55999.304
46112.728
39318.699
34847.491
31662.145
29097.234
26896.254
24963.316
23222.493
21641.119
20217.879
18936.091
17772.437
16713.151
15756.814
14891.946
14110.131
13405.634
12772.688
12203.962
11692.585
11231.233
10815.019
10438.915
10096.393
9783.7234
9496.8894
9232.2923
8986.4827
8758.6162
8544.8499
8344.7207
8153.5445
7975.187
7804.059
7650.7157
7488.0754
7320.5032
7138.7292
6932.5893
6690.784
6400.2567
6044.6901
5613.2335
5104.697
4523.7964
3884.8899
3216.9484
2558.8369
1952.6266
1428.5935
1008.5748
681.58335
465.0948
265.15695
278417.14
253668.36
184563.62
143866.12
117978.27
101599.3
89938.053
79750.557
67709.394
55688.133
46503.327
40211.09
35853.176
32566.397
29838.011
27473.037
25395.112
23538.233
21864.864
20366.403
19024.057
17812.737
16718.066
15734.939
14850.195
14053.355
13336.358
12692.133
12113.001
11591.516
11120.878
10695.621
10310.756
9960.2898
9640.5507
9347.5983
9078.1602
8828.9448
8599.1901
8385.3531
8187.0124
7999.4088
7825.8492
7660.1329
7512.4767
7354.8544
7192.15
7015.5406
6815.0855
6579.7549
6296.8477
5950.8263
5531.0925
5035.6562
4468.3275
3842.6144
3186.5404
2538.2148
1939.4278
1420.5877
1003.9711
679.02749
463.74511
264.4922
401183.32
288194.91
193582.98
145780.99
118538.51
101559.85
89153.776
78112.406
66094.585
54899.898
46523.723
40706.485
36457.961
33102.361
30258.661
27780.01
25601.747
23665.513
21930.688
20382.813
19001.679
17761.409
16645.98
15645.4
14747.502
13940.534
13215.626
12564.312
11978.351
11450.119
10972.937
10541.367
10150.471
9794.6978
9470.4193
9173.7541
8901.6539
8650.9845
8420.9578
8208.2571
8012.3951
7828.6675
7659.8248
7499.4406
7357.1009
7204.8663
7047.5182
6876.6471
6682.5774
6454.5994
6180.3784
5845.1489
5438.5936
4957.9038
4405.8896
3795.0815
3152.411
2515.1155
1924.6632
1411.6285
998.8045
676.14549
462.21257
263.73407
419469.85
271920.1
187861.05
143231.07
117612.03
100721.99
87738.675
76080.554
64299.479
54000.429
46381.019
40942.866
36774.206
33366.954
30442.098
27886.098
25640.411
23652.071
21879.296
20301.671
18895.539
17636.996
16509.195
15499.689
14595.109
13782.925
13053.505
12397.902
11807.676
11275.215
10794
10358.617
9964.1678
9605.4603
9278.8872
8980.6184
8707.7512
8457.2936
8228.3602
8017.7979
7824.9834
7645.3516
7481.1175
7325.9179
7188.5123
7041.8402
6890.1267
6725.3341
6538.0835
6318.0232
6053.2037
5729.6229
5337.2595
4872.508
4337.1479
3742.6411
3114.6998
2489.5646
1908.312
1401.6845
993.04718
672.91677
460.48324
262.87482
363344.61
243126.19
178225.66
139663.98
116117.18
99436.576
86024.419
74000.354
62608.841
53145.997
46157.204
40984.437
36869.032
33424.42
30445.145
27840.888
25553.95
23533.232
21737.025
20141.847
18722.939
17456.077
16323.217
15310.131
14402.962
13588.804
12857.581
12200.12
11607.967
11073.605
10590.664
10153.738
9757.9606
9398.4132
9071.497
8773.4296
8501.3981
8252.5298
8025.8009
7818.1718
7628.8467
7453.4502
7293.7015
7143.4954
7010.6652
6869.5682
6723.586
6565.0092
6384.7754
6172.9148
5917.8832
5606.4294
5228.8329
4780.749
4262.9507
3685.7827
3073.6369
2461.6372
1890.3753
1390.732
986.67272
669.32014
458.54204
261.90594
264916.32
217927.54
169524.76
136164.9
114273.13
97834.106
84185.243
72030.34
61104.628
52360.015
45851.787
40870.911
36790.335
33323.315
30312.645
27679.656
25368.923
23331.821
21525.757
19923.974
18500.643
17231.909
16098.846
15086.071
14179.42
13365.899
12635.201
11978.076
11386.142
10852.007
10369.413
9932.9538
9537.7847
9179.193
8853.5797
8557.2104
8287.3238
8041.1417
7817.482
7613.3817
7427.8628
7256.7655
7101.3676
6955.9363
6827.3611
6691.7162
6551.4078
6399.0108
6225.7878
6022.1613
5777.009
5477.8114
5115.1477
4684.019
4184.261
3625.094
3029.5232
2431.4491
1870.8729
1378.7532
979.65531
665.3334
456.37249
260.81803
158190.58
199442.15
162601.12
132856.11
112105.61
95968.218
82313.684
70236.264
59793.514
51629.404
45471.969
40624.135
36571.637
33095.802
30072.325
27429.672
25111.438
23070.241
21263.641
19662.759
18241.124
16975.195
15845.495
14835.967
13932.314
13121.624
12393.497
11738.675
11148.887
10616.859
10136.413
9702.1362
9309.2026
8953.0505
8630.0761
8336.5951
8069.8756
7827.2097
7607.2534
7407.0941
7225.5813
7058.7795
6907.5875
6766.6974
6642.098
6511.6719
6376.8517
6230.4537
6064.0641
5868.4964
5633.061
5345.9424
4998.0134
4583.7281
4102.0873
3561.2163
2982.7048
2399.1457
1849.8385
1365.7346
971.96886
660.93268
453.95618
259.60051
84363.948
185712.44
156775.49
129540.27
109527.47
93799.886
80403.568
68595.778
58631.409
50924.626
45018.277
40263.333
36239.28
32770.497
29751.15
27112.925
24799.073
22763.184
20963.227
19368.985
17953.71
16694.177
15570.662
14566.797
13668.283
12862.384
12138.686
11487.955
10902.038
10373.764
9897.0083
9466.3561
9076.9996
8724.4903
8405.2191
8115.5525
7852.777
7614.2349
7398.4275
7202.4772
7025.0819
6862.5275
6715.3978
6578.8185
6457.9591
6332.4352
6202.8139
6062.116
5902.2407
5714.3846
5488.2931
5212.8185
4879.1202
4481.2241
4017.4201
3494.8
2933.5468
2364.8882
1827.3141
1351.6644
963.58566
656.09173
451.27232
258.24139
83829.029
172998.6
150869.39
125664.34
106202.48
91109.493
78319.762
66999.453
57527.419
50193.364
44474.424
39793.942
35805.714
32359.827
29360.015
26739.021
24440.101
22417.846
20630.928
19048.447
17643.708
16393.865
15279.226
14283.381
13392.133
12592.973
11875.526
11230.602
10650.162
10127.129
9655.4198
9229.6299
8844.9763
8497.0995
8182.3898
7897.2662
7639.0288
7405.0554
7193.7081
7002.1374
6828.9175
6670.5454
6527.3492
6394.871
6277.5566
6156.5598
6031.7652
5896.3723
5742.5783
5561.9487
5344.6596
5080.1861
4759.9684
4377.7286
3931.1793
3426.4657
2882.4076
2328.8396
1803.3428
1336.5293
954.47488
650.78099
448.2971
256.72696
82241.433
159798.47
143971.33
120722.95
101774.04
87649.803
75916.143
65347.994
56405.682
49391.437
43823.415
39213.664
35274.432
31868.898
28904.189
26313.022
24039.232
22038.659
20271.034
18705.342
17315.247
16078.401
14975.393
13989.979
13108.156
12317.673
11608.238
10970.729
10397.228
9880.7473
9415.251
8995.3612
8616.3308
8273.8761
7964.396
7684.3648
7431.0954
7201.993
6995.3016
6808.201
6639.1699
6484.9027
6345.5216
6216.9539
6103.015
5986.1297
5865.7235
5735.1645
5586.9287
5412.9341
5203.7768
4949.5026
4641.8277
4274.2936
3844.1735
3356.7717
2829.617
2291.1515
1777.9624
1320.3113
944.60089
644.96662
445.00304
255.04152
79353.269
145880.84
135691.57
114500.89
96058.056
83242.557
73063.374
63565.684
55218.21
48495.377
43059.872
38525.699
34651.023
31303.325
28388.776
25839.577
23600.716
21629.643
19887.49
18343.595
16972.259
15751.762
14663.182
13690.619
12820.343
12040.393
11340.61
10711.967
10146.68
9637.8629
9179.5405
8766.3832
8393.6931
8057.2589
7753.4984
7478.9452
7230.9266
7006.8718
6804.9328
6622.3254
6457.4602
6307.2108
6171.5328
6046.7003
5935.9776
5822.7653
5706.2565
5580.0003
5436.7312
5268.7016
5066.911
4821.9196
4525.7155
4171.7776
3757.0751
3286.1903
2775.4572
2251.9519
1751.1984
1302.9844
933.92138
638.60941
441.35822
253.16696
74725.38
131111.1
125604.21
106749.96
88793.235
77577.423
69478.712
61479.607
53864.745
47443.987
42142.032
37696.48
33905.371
30635.06
27787.609
25294.35
23101.912
21169.77
19460.824
17945.139
16597.904
15398.188
14327.771
13371.261
12515.3
11748.275
11060.225
10442.27
9886.7827
9387.0115
8937.0659
8531.6921
8166.2598
7836.6359
7539.2716
7270.7668
7028.4669
6809.8277
6612.9333
6435.0479
6274.5343
6128.4358
5996.5609
5875.5089
5768.0482
5658.3743
5545.5932
5423.4566
5284.9557
5122.6803
4928.037
4692.0648
4407.0245
4066.4212
3667.0066
3212.6961
2718.653
2210.5527
1722.7632
1284.4907
922.48415
631.78037
437.4345
251.13662
68200.602
115578.6
113705.76
97422.481
79999.998
70532.352
64914.481
58919.924
52262.364
46190.459
41035.5
36694.588
33006.881
29834.547
27072.792
24651.465
22519.038
20637.358
18971.389
17492.201
16176.077
15003.032
13955.748
13019.527
12181.507
11430.513
10756.875
10151.93
9608.2627
9119.2946
8679.2612
8283.0181
7926.027
7604.2465
7314.1791
7052.5015
6816.5857
6603.9208
6412.5451
6239.7849
6083.9722
5942.3161
5814.4925
5697.4147
5593.3982
5487.3081
5378.3033
5260.3356
5126.6582
4970.2067
4782.8056
4555.9531
4282.1907
3955.1169
3571.3276
3134.1048
2657.444
2165.5733
1691.6077
1264.0649
909.75519
624.13241
433.00214
248.84605
59518.963
99566.783
100581.86
86895.384
70171.358
62384.098
59305.594
55757.572
50367.168
44731.949
39749.26
35528.991
31961.133
28904.213
26244.882
23910.543
21851.438
20031.927
18419.177
16985.381
15707.995
14568.068
13549.345
12637.987
11821.765
11090.052
10433.58
9843.9925
9314.1493
8837.7015
8409.0589
8023.2255
7675.7831
7362.8006
7080.8518
6826.7032
6597.7638
6391.5668
6206.1277
6038.8481
5888.045
5751.0875
5627.5327
5514.5937
5414.1726
5311.6632
5206.4032
5092.5669
4963.67
4812.9948
4632.7873
4414.9884
4152.4313
3838.8742
3470.8229
3050.978
2592.1922
2117.2183
1657.8293
1241.743
895.74107
615.65975
428.0536
246.28556
49098.969
83473.38
87255.312
75903.675
60097.984
53698.743
52774.17
51876.854
48127.389
43072.276
38303.159
34218.817
30781.165
27850.882
25306.222
23071.087
21096.802
19350.197
17800.578
16421.138
15190.401
14090.405
13106.027
12224.409
11434.086
10725.087
10088.666
9516.8726
9002.9184
8540.7464
8124.9967
7750.8646
7414.0853
7110.859
6837.8541
6591.9405
6370.5777
6171.3551
5992.2887
5830.8671
5685.4071
5553.4314
5434.3906
5325.7841
5229.1348
5130.2473
5028.7453
4919.0496
4794.9401
4650.047
4477.0424
4268.3001
4016.9585
3716.9915
3364.8746
2962.778
2522.4375
2065.1038
1621.1197
1217.2904
880.27325
606.24938
422.51351
243.41636
35116.32
67014.288
74023.611
64906.233
50193.978
44799.783
45444.61
47119.943
45329.334
41160.274
36684.725
32761.255
29463.769
26668.604
24248.381
22123.369
20244.813
18581.756
17105.567
15790.177
14614.89
13562.569
12619.198
11772.977
11013.321
10331.025
9717.9999
9166.8133
8671.1188
8225.2268
7824.0757
7463.1048
7138.2429
6845.851
6582.7188
6345.8383
6132.736
5941.073
5768.8891
5613.7738
5474.0561
5347.4091
5233.1856
5129.1623
5036.5081
4941.3496
4843.6829
4738.2046
4618.9633
4479.939
4314.2376
4114.6633
3874.6744
3588.5066
3252.6581
2868.8156
2447.6186
2008.7864
1581.1409
1190.4609
863.18023
595.78854
416.30785
240.19976
15636.341
49537.624
60376.928
53615.817
40328.807
35606.164
37087.976
41215.5
41512.994
38798.78
34779.994
31076.363
27943.35
25299.767
23019.594
21020.58
19253.551
17689.007
16300.583
15062.744
13955.22
12961.495
12068.597
11265.857
10543.709
9893.8645
9309.0605
8782.5388
8308.5229
7881.7974
7497.6971
7151.9822
6840.8366
6560.8264
6308.9034
6082.2113
5878.3691
5695.132
5530.5907
5382.4541
5249.0787
5128.2898
5019.3511
4920.3143
4832.0106
4740.8436
4647.2463
4546.2288
4432.1207
4299.2592
4141.1987
3951.1831
3723.0065
3451.2016
3132.328
2767.6192
2366.6163
1947.456
1537.3344
1160.8871
844.23025
584.13703
409.35141
236.59314
5894.0016
32389.608
46350.028
42016.345
30761.788
26475.532
28136.908
33936.884
36603.484
35546.774
32425.012
29061.798
26142.74
23679.579
21562.57
19710.874
18075.992
16629.643
15347.465
14204.641
13180.941
12260.224
11430.432
10682.066
10006.712
9397.1685
8847.1998
8350.9134
7903.2721
7499.6753
7135.9867
6808.3926
6513.4183
6247.9003
6009.0083
5794.0816
5600.8684
5427.2484
5271.395
5131.1611
5004.9501
4890.7479
4787.7402
4694.2577
4610.8037
4524.0644
4434.9493
4338.8253
4230.323
4104.149
3954.3272
3774.561
3559.0005
3302.4993
3001.7044
2657.4112
2278.0406
1880.0737
1488.9588
1128.065
823.09496
571.0922
401.51785
232.53497
1848.9425
17509.712
32649.295
30565.645
22085.634
18158.99
19551.983
25595.294
30524.361
31067.592
29422.371
26604.091
23989.577
21756.486
19835.291
18157.425
16678.234
15372.328
14217.313
13189.073
12267.419
11436.368
10684.551
10003.597
9386.3066
8826.695
8319.7437
7860.6181
7445.2063
7069.6804
6730.5921
6424.6809
6148.9229
5900.5075
5676.8947
5475.6761
5294.7769
5132.2397
4986.3576
4855.1563
4737.1113
4630.3836
4534.0958
4446.8666
4368.8744
4287.1468
4203.0774
4112.4381
4010.1885
3891.4174
3750.6415
3582.0529
3380.1818
3140.2189
2858.9145
2536.6346
2180.6448
1805.6839
1435.3154
1091.5094
799.45247
556.45246
392.67994
227.96175
1288.05
7573.275
20245.033
20007.928
14672.933
11331.335
12231.512
17237.499
23340.444
25647.389
25314.186
23539.064
21383.462
19466.733
17793.7
16325.971
15031.329
13890.543
12885.389
11992.69
11192.367
10468.868
9811.3282
9212.4099
8666.0687
8167.6085
7713.3456
7299.6561
6923.5232
6582.0471
6272.6375
5992.7287
5739.8752
5511.7186
5306.0971
5120.9257
4954.3659
4804.6707
4670.2951
4549.4718
4440.7804
4342.5769
4253.9441
4173.7985
4101.9935
4026.0173
3947.7165
3863.3218
3768.1563
3657.707
3527.0057
3370.7678
3183.9338
2962.0417
2701.9523
2403.6042
2073.0642
1723.2288
1375.6232
1050.6741
772.93888
539.98989
382.69376
222.80179
821.04296
2838.114
10090.017
11330.053
8646.7213
6288.0815
6789.6923
10109.03
15834.9
19453.353
20223.973
19654.491
18215.891
16740.554
15396.406
14190.685
13117.797
12170.674
11338.918
10602.496
9942.3077
9343.5526
8796.3129
8294.2054
7832.1992
7406.8867
7015.9064
6656.8994
6328.043
6027.4765
5753.6181
5504.7281
5279.0699
5074.8454
4890.3702
4723.9638
4574.0931
4439.2769
4318.1796
4209.28
4111.3
4022.8152
3942.904
3870.7874
3805.9944
3736.6572
3665.0039
3587.7777
3500.7095
3399.702
3280.3216
3137.8419
2967.65
2765.6386
2528.7779
2256.5795
1953.863
1631.5744
1309.0307
1004.9561
743.14878
521.44994
371.39822
216.97508
655.98826
1045.6961
3891.942
5403.6522
4463.0414
3419.8689
3444.2291
5204.4013
9216.6458
12976.88
14748.829
14933.461
14471.717
13553.911
12627.58
11748.917
10943.25
10222.427
9587.9497
9026.1632
8521.6691
8061.4858
7637.649
7244.7684
6878.8366
6537.7195
6220.187
5925.0596
5651.6652
5399.1925
5167.1437
4954.6826
4760.8832
4584.602
4424.7306
4280.0704
4149.4664
4031.7615
3925.8802
3830.5867
3744.7898
3667.3108
3597.2725
3534.1977
3477.3034
3415.6065
3351.605
3282.6057
3204.7972
3114.5201
3007.8894
2880.765
2729.0196
2548.9101
2337.5101
2093.9083
1821.6329
1529.5705
1234.6481
953.71053
709.64101
500.55348
358.61554
210.39345
467.4503
478.50449
1163.9044
2092.5377
1891.913
1384.0907
1479.121
2341.1425
4538.2197
7308.4
9344.6863
10186.452
10277.559
10036.247
9563.8759
9058.342
8559.5432
8094.9845
7678.1275
7304.0438
6963.8039
6649.3065
6355.5092
6078.5893
5815.7062
5566.157
5329.4839
5105.5008
4894.438
4696.3976
4511.8916
4340.9559
4183.4963
4039.0712
3907.2153
3787.2634
3678.4966
3580.1335
3491.4053
3411.3943
3339.2422
3274.0377
3215.0114
3161.9645
3113.8414
3060.8211
3005.528
2945.8728
2878.5546
2800.3798
2708.0184
2597.9317
2466.5132
2310.3982
2126.7601
1914.2816
1675.172
1416.1657
1151.613
896.28389
671.9537
477.00324
344.15374
202.96163
382.90921
369.74765
436.92503
672.93767
811.41428
844.98098
857.06795
1039.1775
1937.8028
3447.0463
4927.1266
5926.6203
6408.557
6515.9209
6459.9262
6296.9802
6102.2267
5900.5729
5705.8725
5519.3942
5340.5923
5168.2058
5000.9754
4837.5119
4676.4664
4518.8862
4364.7464
4214.5969
4069.1572
3929.1747
3795.8736
3670.0061
3552.1835
3442.6299
3341.509
3248.6757
3163.8699
3086.7098
3016.7618
2953.4419
2896.163
2844.2911
2797.2322
2755.0157
2716.3955
2672.9838
2627.3716
2578.0953
2522.412
2457.6277
2380.9673
2289.4901
2180.1328
2049.9288
1896.1593
1717.1449
1513.7836
1290.6048
1059.2082
832.07777
629.63465
450.4976
327.8124
194.57954
325.73629
322.1151
316.83457
352.16383
411.17607
412.83162
460.73279
490.35347
765.45579
1368.2232
2152.154
2852.279
3337.2896
3598.9728
3720.1704
3782.1336
3815.5077
3832.6759
3827.0701
3802.4718
3764.0987
3715.7444
3658.8871
3594.4998
3523.5179
3448.7594
3370.4318
3289.5903
3207.0128
3123.6882
3041.2484
2960.7643
2883.2737
2809.5659
2740.2293
2675.5588
2615.7126
2560.6784
2510.3471
2464.4548
2422.7002
2384.718
2350.1397
2319.1474
2290.435
2257.2507
2221.9972
2183.8298
2140.5973
2090.139
2030.2301
1958.507
1872.4493
1769.5126
1647.1142
1503.3015
1337.7273
1152.7388
957.05527
760.65721
582.29573
420.75596
309.39336
185.14648
284.17436
288.33125
295.15541
305.57901
318.97315
343.54263
368.29904
391.44149
406.17479
529.06907
807.26865
1138.5606
1436.9758
1659.7005
1810.1178
1925.4672
2032.6962
2137.3465
2230.7894
2312.209
2373.6557
2414.6917
2438.2881
2446.7369
2443.9002
2433.1133
2414.7925
2390.4067
2360.4066
2325.6584
2288.1377
2248.5475
2208.1004
2167.8608
2128.5804
2090.7843
2054.9401
2021.2992
1990.0094
1961.0917
1934.4878
1910.0729
1887.7121
1867.6541
1848.6776
1825.7437
1800.9507
1774.0096
1743.3717
1707.4333
1664.5095
1612.7784
1550.2417
1474.798
1384.0586
1275.9475
1149.0241
1003.6031
845.49113
681.97092
529.72631
387.571
288.72095
174.56735
254.81273
259.16004
259.32801
261.09644
266.95307
275.10332
277.4123
280.48142
274.57356
282.48776
323.64586
420.72689
534.53182
646.5046
742.7358
830.17582
922.05388
1022.4622
1125.8876
1224.5675
1311.6851
1384.2788
1442.3371
1489.9547
1527.2246
1555.5194
1575.5759
1588.4741
1594.3663
1594.1375
1590.1775
1581.894
1570.7983
1557.7246
1543.3657
1528.1765
1512.8299
1497.6392
1482.9263
1468.8988
1455.6759
1443.3127
1431.8503
1421.5216
1411.3271
1397.8363
1382.7789
1366.3173
1347.4586
1325.1422
1298.2084
1265.3353
1225.0187
1175.6169
1115.0174
1041.2311
951.97504
845.85395
725.89663
596.57068
472.02278
350.87881
265.67681
162.76755
228.8476
229.22299
228.62949
229.15
230.0104
231.19203
231.50378
230.56927
228.33448
223.24859
218.85235
220.07613
233.55879
260.49678
292.71616
329.32747
374.97929
431.89369
497.59921
566.83065
634.69135
698.0814
755.01848
805.22668
848.81672
886.29692
918.08717
944.67592
967.14897
985.60555
1000.2185
1011.1166
1018.7554
1023.598
1026.1535
1026.5679
1025.8785
1024.0334
1021.576
1018.7619
1015.77
1012.7303
1009.7601
1007.0321
1003.8374
998.08697
991.13553
983.43756
974.47651
963.66528
950.2908
933.51424
912.32028
885.52436
851.39152
808.24532
753.31853
684.00185
600.93002
505.79304
409.70349
310.82325
240.22963
149.7062
209.0958
208.04358
206.77959
205.33178
203.88283
202.34812
200.49973
198.15589
194.30382
189.95161
185.36143
180.48212
175.3728
172.65303
173.06786
176.3214
184.46408
199.98202
222.62973
250.90045
283.45097
318.44799
353.65263
387.6835
419.7734
449.52506
476.94623
501.98918
524.66816
544.94692
562.81559
578.3184
591.57181
602.73617
612.0388
619.85779
626.52928
632.13336
636.82699
640.76444
644.08407
646.9066
649.34182
651.49211
652.91879
652.51407
651.32603
649.87929
648.02759
645.54934
642.02539
637.09013
630.24875
620.77636
607.36041
588.78252
562.33406
524.69849
474.87484
412.05931
343.91184
267.87294
212.48808
135.39667
194.24756
192.49636
190.54988
188.44837
186.22311
183.85467
181.34218
178.54297
175.45823
171.96914
168.05501
163.87905
159.75935
155.79915
152.10572
148.8563
146.46584
144.98036
145.43102
147.57513
152.65212
161.0384
171.75437
184.39609
198.31542
212.82715
227.73771
242.67441
257.25987
271.22647
284.39374
296.62504
307.86516
318.11046
327.36643
335.69479
343.17844
349.8908
355.91013
361.31554
366.18244
370.57949
374.56585
378.18214
381.18268
383.05598
384.49388
385.99154
387.58504
389.30126
391.24021
393.32836
395.38556
397.07608
397.40326
395.87749
389.87791
376.20113
353.65843
319.06024
276.60808
222.96054
182.77039
119.93832
183.65069
181.64358
179.48266
177.17861
174.7394
172.16562
169.45333
166.59142
163.57062
160.38359
157.0437
153.57509
150.00706
146.42124
142.87578
139.43767
136.13164
132.93462
129.8784
126.97752
124.29804
122.0396
120.35243
119.71592
120.12907
121.39191
123.89071
127.36384
131.54466
136.25705
141.35453
146.62848
152.037
157.37223
162.54474
167.53372
172.28896
176.77998
180.99368
184.93244
188.60737
192.0337
195.22586
198.19046
200.80838
202.87927
204.78102
206.84909
209.1848
211.89598
215.09753
218.89606
223.3771
228.55096
234.2138
239.83899
245.32508
247.09592
244.10168
231.40285
210.59107
177.57798
151.65823
103.55565
176.0019
173.98414
171.82436
169.52508
167.0895
164.51912
161.81735
158.98565
156.03014
152.95577
149.77363
146.49426
143.14169
139.74166
136.31843
132.89617
129.49775
126.1311
122.79784
119.50074
116.27149
113.14068
110.12565
107.23399
104.5099
101.97116
99.687839
97.711199
96.090741
94.839555
93.99854
93.51805
93.509351
93.683086
94.07997
94.768905
95.629288
96.607993
97.66067
98.757434
99.878454
101.00736
102.134
103.25165
104.31188
105.22739
106.12258
107.13975
108.34553
109.82314
111.68062
114.0504
117.13888
121.07259
125.99854
132.00685
139.13097
146.17734
152.44091
153.26671
149.04795
133.75849
119.98461
86.65173
170.46763
168.51566
166.4257
164.19701
161.83018
159.32646
156.68892
153.9216
151.03143
148.02618
144.91711
141.71616
138.43963
135.10314
131.72664
128.3286
124.93058
121.54981
118.20585
114.91229
111.68418
108.52887
105.46159
102.49376
99.648428
96.936087
94.371618
91.952314
89.68596
87.562738
85.59388
83.768616
82.103285
80.58362
79.214627
77.985921
76.901186
75.942821
75.110233
74.384306
73.762792
73.227986
72.777012
72.393365
72.07926
71.787945
71.495588
71.195358
70.885069
70.566584
70.27287
70.031205
70.047203
70.281113
71.038677
72.73222
75.731796
80.335623
86.530689
91.674705
95.251224
93.050247
88.632598
69.894774
166.75621
164.86019
162.82852
160.65892
158.35094
155.90515
153.32422
150.61211
147.77554
144.82246
141.76399
138.61202
135.38184
132.08872
128.75131
125.38705
122.01631
118.65695
115.32906
112.04915
108.83562
105.703
102.6673
99.738676
96.929353
94.243908
91.691116
89.271196
86.991236
84.847811
82.846572
80.979881
79.251729
77.650131
76.177724
74.819296
73.577445
72.435158
71.395851
70.441682
69.577263
68.784529
68.069267
67.413561
66.823025
66.255623
65.677885
65.043646
64.324639
63.473093
62.462499
61.235831
59.784892
58.06056
56.122215
54.012924
52.087631
50.916935
51.24495
52.699322
56.524756
58.348253
59.982712
53.219407
164.63517
162.76358
160.75756
158.61469
156.33402
153.91617
151.36341
148.67993
145.87197
142.94781
139.91798
136.79477
133.59271
130.32752
127.01689
123.67874
120.33255
116.99686
113.69117
110.4331
107.24116
104.13072
101.11616
98.209015
95.420042
92.756318
90.225048
87.828664
85.571081
83.450305
81.467641
79.617381
77.899185
76.30459
74.832543
73.472739
72.224047
71.075061
70.024923
69.061732
68.185072
67.383057
66.655759
65.991718
65.390351
64.817702
64.234194
63.595411
62.870572
62.01437
60.994207
59.754378
58.264926
56.457652
54.323817
51.775342
48.888726
45.533491
42.02867
38.750955
37.582223
36.945413
38.841936
37.828211
163.66697
161.80218
159.80329
157.66847
155.39614
152.98764
150.4445
147.77187
144.975
142.0634
139.04625
135.9374
132.7497
129.50074
126.20614
122.88603
119.55756
116.24161
112.95539
109.71856
106.54658
103.45581
100.45987
97.570845
94.7979
92.149769
89.631828
87.248469
85.001593
82.891621
80.917699
79.076928
77.366531
75.781068
74.316631
72.966042
71.724923
70.585105
69.542232
68.58777
67.717696
66.923603
66.201954
65.544808
64.948066
64.382179
63.80475
63.173007
62.454633
61.606303
60.592451
59.360391
57.874149
56.072698
53.936851
51.407878
48.531561
45.269211
41.829688
38.086296
34.564934
30.707914
29.506224
29.211733
163.38042
161.51627
159.51816
157.38512
155.11489
152.70981
150.17054
147.50347
144.7127
141.8093
138.80088
135.70331
132.5273
129.29307
126.01334
122.71172
119.40133
116.10784
112.84279
109.63244
106.48489
103.42559
100.45769
97.604884
94.865253
92.259256
89.779385
87.443178
85.238134
83.179006
81.249357
79.46148
77.796298
76.264034
74.844297
73.545613
72.347451
71.256956
70.254377
69.345729
68.51268
67.760309
67.07207
66.452264
65.885239
65.354993
64.812182
64.222731
63.550235
62.763129
61.819923
60.68722
59.319336
57.690114
55.762097
53.542448
51.031285
48.310496
45.450359
42.613007
39.970174
37.49085
35.61578
30.49455
163.34685
161.66055
159.85409
157.92818
155.88006
153.71391
151.42946
149.03515
146.53358
143.93814
141.25421
138.50034
135.68407
132.82882
129.94296
127.05395
124.16913
121.31882
118.50705
115.76574
113.09342
110.5225
108.04423
105.69087
103.4453
101.33951
99.347849
97.502261
95.769229
94.181112
92.697896
91.352693
90.1008
88.976169
87.931386
87.000988
86.136772
85.373314
84.663305
84.040653
83.460289
82.95472
82.482085
82.072856
81.688269
81.350633
81.00854
80.638335
80.220951
79.735076
79.161919
78.480346
77.675933
76.734574
75.658844
74.455929
73.162834
71.812489
70.463957
69.101141
67.69289
65.899294
63.970954
60.007957
387.04885
386.58078
386.09482
385.59366
385.08046
384.55881
384.03286
383.50698
382.98569
382.47369
381.97531
381.49477
381.03559
380.6007
380.19222
379.81142
379.45854
379.13321
378.8341
378.5594
378.30678
378.07377
377.85767
377.65619
377.46661
377.28753
377.11647
376.95326
376.79537
376.64425
376.49686
376.3564
376.21862
376.08878
375.96081
375.84227
375.72469
375.61813
375.51142
375.41727
375.32165
375.23978
375.15513
375.08508
375.01077
374.95438
374.89567
374.83036
374.7539
374.66131
374.54613
374.40042
374.2138
373.97285
373.65987
373.25164
372.71745
372.01772
371.1005
369.90218
368.33959
366.343
363.82262
360.34318
)
;

boundaryField
{
    axis
    {
        type            empty;
    }
    inlet
    {
        type            inletOutlet;
        inletValue      uniform 7584.7;
        value           uniform 7584.7;
    }
    wedge1
    {
        type            wedge;
    }
    wedge2
    {
        type            wedge;
    }
    wall1
    {
        blended         1;
        beta1           0.075;
        type            omegaWallFunction;
        value           nonuniform List<scalar> 
24
(
7427600.8
6907346.5
6499523.9
6346092
6407069.7
6644614.7
7038453.7
7577629.6
8253498.9
9051464.9
9941629.2
10873189
11778004
12569042
13169397
13517335
13619390
13440482
13064024
12489948
11813902
11028038
10239492
9663117.3
)
;
    }
    inflow1
    {
        type            inletOutlet;
        inletValue      uniform 7584.7;
        value           uniform 7584.7;
    }
    wall2
    {
        blended         1;
        beta1           0.075;
        type            omegaWallFunction;
        value           nonuniform List<scalar> 
15
(
115639.62
113899.94
112471.28
111135.48
109866.59
108553.5
107259.98
130949.95
131869.55
126248.31
121983.93
119261.45
118582.17
119354.37
129977.05
)
;
    }
    inflow2
    {
        type            inletOutlet;
        inletValue      uniform 7584.7;
        value           uniform 7584.7;
    }
    outlet
    {
        type            zeroGradient;
    }
    wall3
    {
        blended         1;
        beta1           0.075;
        type            omegaWallFunction;
        value           nonuniform List<scalar> 8(84363.948 83829.029 82241.433 79353.269 74725.38 68200.602 59518.963 49098.969);
    }
}


// ************************************************************************* //
