/*--------------------------------*- C++ -*----------------------------------*\
  =========                 |
  \\      /  F ield         | OpenFOAM: The Open Source CFD Toolbox
   \\    /   O peration     | Website:  https://openfoam.org
    \\  /    A nd           | Version:  7
     \\/     M anipulation  |
\*---------------------------------------------------------------------------*/
FoamFile
{
    version     2.0;
    format      ascii;
    class       labelList;
    note        "nPoints:9271  nCells:4520  nFaces:18151  nInternalFaces:8881";
    location    "constant/polyMesh";
    object      neighbour;
}
// * * * * * * * * * * * * * * * * * * * * * * * * * * * * * * * * * * * * * //


8881
(
1
24
2
25
3
26
4
27
5
28
6
29
7
30
8
31
9
32
10
33
11
34
12
35
13
36
14
37
15
38
16
39
17
40
18
41
19
42
20
43
21
44
22
45
23
46
47
936
25
48
26
49
27
50
28
51
29
52
30
53
31
54
32
55
33
56
34
57
35
58
36
59
37
60
38
61
39
62
40
63
41
64
42
65
43
66
44
67
45
68
46
69
47
70
71
1000
49
72
50
73
51
74
52
75
53
76
54
77
55
78
56
79
57
80
58
81
59
82
60
83
61
84
62
85
63
86
64
87
65
88
66
89
67
90
68
91
69
92
70
93
71
94
95
1064
73
96
74
97
75
98
76
99
77
100
78
101
79
102
80
103
81
104
82
105
83
106
84
107
85
108
86
109
87
110
88
111
89
112
90
113
91
114
92
115
93
116
94
117
95
118
119
1128
97
120
98
121
99
122
100
123
101
124
102
125
103
126
104
127
105
128
106
129
107
130
108
131
109
132
110
133
111
134
112
135
113
136
114
137
115
138
116
139
117
140
118
141
119
142
143
1192
121
144
122
145
123
146
124
147
125
148
126
149
127
150
128
151
129
152
130
153
131
154
132
155
133
156
134
157
135
158
136
159
137
160
138
161
139
162
140
163
141
164
142
165
143
166
167
1256
145
168
146
169
147
170
148
171
149
172
150
173
151
174
152
175
153
176
154
177
155
178
156
179
157
180
158
181
159
182
160
183
161
184
162
185
163
186
164
187
165
188
166
189
167
190
191
1320
169
192
170
193
171
194
172
195
173
196
174
197
175
198
176
199
177
200
178
201
179
202
180
203
181
204
182
205
183
206
184
207
185
208
186
209
187
210
188
211
189
212
190
213
191
214
215
1384
193
216
194
217
195
218
196
219
197
220
198
221
199
222
200
223
201
224
202
225
203
226
204
227
205
228
206
229
207
230
208
231
209
232
210
233
211
234
212
235
213
236
214
237
215
238
239
1448
217
240
218
241
219
242
220
243
221
244
222
245
223
246
224
247
225
248
226
249
227
250
228
251
229
252
230
253
231
254
232
255
233
256
234
257
235
258
236
259
237
260
238
261
239
262
263
1512
241
264
242
265
243
266
244
267
245
268
246
269
247
270
248
271
249
272
250
273
251
274
252
275
253
276
254
277
255
278
256
279
257
280
258
281
259
282
260
283
261
284
262
285
263
286
287
1576
265
288
266
289
267
290
268
291
269
292
270
293
271
294
272
295
273
296
274
297
275
298
276
299
277
300
278
301
279
302
280
303
281
304
282
305
283
306
284
307
285
308
286
309
287
310
311
1640
289
312
290
313
291
314
292
315
293
316
294
317
295
318
296
319
297
320
298
321
299
322
300
323
301
324
302
325
303
326
304
327
305
328
306
329
307
330
308
331
309
332
310
333
311
334
335
1704
313
336
314
337
315
338
316
339
317
340
318
341
319
342
320
343
321
344
322
345
323
346
324
347
325
348
326
349
327
350
328
351
329
352
330
353
331
354
332
355
333
356
334
357
335
358
359
1768
337
360
338
361
339
362
340
363
341
364
342
365
343
366
344
367
345
368
346
369
347
370
348
371
349
372
350
373
351
374
352
375
353
376
354
377
355
378
356
379
357
380
358
381
359
382
383
1832
361
384
362
385
363
386
364
387
365
388
366
389
367
390
368
391
369
392
370
393
371
394
372
395
373
396
374
397
375
398
376
399
377
400
378
401
379
402
380
403
381
404
382
405
383
406
407
1896
385
408
386
409
387
410
388
411
389
412
390
413
391
414
392
415
393
416
394
417
395
418
396
419
397
420
398
421
399
422
400
423
401
424
402
425
403
426
404
427
405
428
406
429
407
430
431
1960
409
432
410
433
411
434
412
435
413
436
414
437
415
438
416
439
417
440
418
441
419
442
420
443
421
444
422
445
423
446
424
447
425
448
426
449
427
450
428
451
429
452
430
453
431
454
455
2024
433
456
434
457
435
458
436
459
437
460
438
461
439
462
440
463
441
464
442
465
443
466
444
467
445
468
446
469
447
470
448
471
449
472
450
473
451
474
452
475
453
476
454
477
455
478
479
2088
457
480
458
481
459
482
460
483
461
484
462
485
463
486
464
487
465
488
466
489
467
490
468
491
469
492
470
493
471
494
472
495
473
496
474
497
475
498
476
499
477
500
478
501
479
502
503
2152
481
504
482
505
483
506
484
507
485
508
486
509
487
510
488
511
489
512
490
513
491
514
492
515
493
516
494
517
495
518
496
519
497
520
498
521
499
522
500
523
501
524
502
525
503
526
527
2216
505
528
506
529
507
530
508
531
509
532
510
533
511
534
512
535
513
536
514
537
515
538
516
539
517
540
518
541
519
542
520
543
521
544
522
545
523
546
524
547
525
548
526
549
527
550
551
2280
529
552
530
553
531
554
532
555
533
556
534
557
535
558
536
559
537
560
538
561
539
562
540
563
541
564
542
565
543
566
544
567
545
568
546
569
547
570
548
571
549
572
550
573
551
574
575
2344
553
554
555
556
557
558
559
560
561
562
563
564
565
566
567
568
569
570
571
572
573
574
575
2408
577
591
578
592
579
593
580
594
581
595
582
596
583
597
584
598
585
599
586
600
587
601
588
602
589
603
590
604
605
2984
592
606
593
607
594
608
595
609
596
610
597
611
598
612
599
613
600
614
601
615
602
616
603
617
604
618
605
619
620
3048
607
621
608
622
609
623
610
624
611
625
612
626
613
627
614
628
615
629
616
630
617
631
618
632
619
633
620
634
635
3112
622
636
623
637
624
638
625
639
626
640
627
641
628
642
629
643
630
644
631
645
632
646
633
647
634
648
635
649
650
3176
637
651
638
652
639
653
640
654
641
655
642
656
643
657
644
658
645
659
646
660
647
661
648
662
649
663
650
664
665
3240
652
666
653
667
654
668
655
669
656
670
657
671
658
672
659
673
660
674
661
675
662
676
663
677
664
678
665
679
680
3304
667
681
668
682
669
683
670
684
671
685
672
686
673
687
674
688
675
689
676
690
677
691
678
692
679
693
680
694
695
3368
682
696
683
697
684
698
685
699
686
700
687
701
688
702
689
703
690
704
691
705
692
706
693
707
694
708
695
709
710
3432
697
711
698
712
699
713
700
714
701
715
702
716
703
717
704
718
705
719
706
720
707
721
708
722
709
723
710
724
725
3496
712
726
713
727
714
728
715
729
716
730
717
731
718
732
719
733
720
734
721
735
722
736
723
737
724
738
725
739
740
3560
727
741
728
742
729
743
730
744
731
745
732
746
733
747
734
748
735
749
736
750
737
751
738
752
739
753
740
754
755
3624
742
756
743
757
744
758
745
759
746
760
747
761
748
762
749
763
750
764
751
765
752
766
753
767
754
768
755
769
770
3688
757
771
758
772
759
773
760
774
761
775
762
776
763
777
764
778
765
779
766
780
767
781
768
782
769
783
770
784
785
3752
772
786
773
787
774
788
775
789
776
790
777
791
778
792
779
793
780
794
781
795
782
796
783
797
784
798
785
799
800
3816
787
801
788
802
789
803
790
804
791
805
792
806
793
807
794
808
795
809
796
810
797
811
798
812
799
813
800
814
815
3880
802
816
803
817
804
818
805
819
806
820
807
821
808
822
809
823
810
824
811
825
812
826
813
827
814
828
815
829
830
3944
817
831
818
832
819
833
820
834
821
835
822
836
823
837
824
838
825
839
826
840
827
841
828
842
829
843
830
844
845
4008
832
846
833
847
834
848
835
849
836
850
837
851
838
852
839
853
840
854
841
855
842
856
843
857
844
858
845
859
860
4072
847
861
848
862
849
863
850
864
851
865
852
866
853
867
854
868
855
869
856
870
857
871
858
872
859
873
860
874
875
4136
862
876
863
877
864
878
865
879
866
880
867
881
868
882
869
883
870
884
871
885
872
886
873
887
874
888
875
889
890
4200
877
891
878
892
879
893
880
894
881
895
882
896
883
897
884
898
885
899
886
900
887
901
888
902
889
903
890
904
905
4264
892
906
893
907
894
908
895
909
896
910
897
911
898
912
899
913
900
914
901
915
902
916
903
917
904
918
905
919
920
4328
907
921
908
922
909
923
910
924
911
925
912
926
913
927
914
928
915
929
916
930
917
931
918
932
919
933
920
934
935
4392
922
923
924
925
926
927
928
929
930
931
932
933
934
935
4456
937
1000
938
1001
939
1002
940
1003
941
1004
942
1005
943
1006
944
1007
945
1008
946
1009
947
1010
948
1011
949
1012
950
1013
951
1014
952
1015
953
1016
954
1017
955
1018
956
1019
957
1020
958
1021
959
1022
960
1023
961
1024
962
1025
963
1026
964
1027
965
1028
966
1029
967
1030
968
1031
969
1032
970
1033
971
1034
972
1035
973
1036
974
1037
975
1038
976
1039
977
1040
978
1041
979
1042
980
1043
981
1044
982
1045
983
1046
984
1047
985
1048
986
1049
987
1050
988
1051
989
1052
990
1053
991
1054
992
1055
993
1056
994
1057
995
1058
996
1059
997
1060
998
1061
999
1062
1063
1001
1064
1002
1065
1003
1066
1004
1067
1005
1068
1006
1069
1007
1070
1008
1071
1009
1072
1010
1073
1011
1074
1012
1075
1013
1076
1014
1077
1015
1078
1016
1079
1017
1080
1018
1081
1019
1082
1020
1083
1021
1084
1022
1085
1023
1086
1024
1087
1025
1088
1026
1089
1027
1090
1028
1091
1029
1092
1030
1093
1031
1094
1032
1095
1033
1096
1034
1097
1035
1098
1036
1099
1037
1100
1038
1101
1039
1102
1040
1103
1041
1104
1042
1105
1043
1106
1044
1107
1045
1108
1046
1109
1047
1110
1048
1111
1049
1112
1050
1113
1051
1114
1052
1115
1053
1116
1054
1117
1055
1118
1056
1119
1057
1120
1058
1121
1059
1122
1060
1123
1061
1124
1062
1125
1063
1126
1127
1065
1128
1066
1129
1067
1130
1068
1131
1069
1132
1070
1133
1071
1134
1072
1135
1073
1136
1074
1137
1075
1138
1076
1139
1077
1140
1078
1141
1079
1142
1080
1143
1081
1144
1082
1145
1083
1146
1084
1147
1085
1148
1086
1149
1087
1150
1088
1151
1089
1152
1090
1153
1091
1154
1092
1155
1093
1156
1094
1157
1095
1158
1096
1159
1097
1160
1098
1161
1099
1162
1100
1163
1101
1164
1102
1165
1103
1166
1104
1167
1105
1168
1106
1169
1107
1170
1108
1171
1109
1172
1110
1173
1111
1174
1112
1175
1113
1176
1114
1177
1115
1178
1116
1179
1117
1180
1118
1181
1119
1182
1120
1183
1121
1184
1122
1185
1123
1186
1124
1187
1125
1188
1126
1189
1127
1190
1191
1129
1192
1130
1193
1131
1194
1132
1195
1133
1196
1134
1197
1135
1198
1136
1199
1137
1200
1138
1201
1139
1202
1140
1203
1141
1204
1142
1205
1143
1206
1144
1207
1145
1208
1146
1209
1147
1210
1148
1211
1149
1212
1150
1213
1151
1214
1152
1215
1153
1216
1154
1217
1155
1218
1156
1219
1157
1220
1158
1221
1159
1222
1160
1223
1161
1224
1162
1225
1163
1226
1164
1227
1165
1228
1166
1229
1167
1230
1168
1231
1169
1232
1170
1233
1171
1234
1172
1235
1173
1236
1174
1237
1175
1238
1176
1239
1177
1240
1178
1241
1179
1242
1180
1243
1181
1244
1182
1245
1183
1246
1184
1247
1185
1248
1186
1249
1187
1250
1188
1251
1189
1252
1190
1253
1191
1254
1255
1193
1256
1194
1257
1195
1258
1196
1259
1197
1260
1198
1261
1199
1262
1200
1263
1201
1264
1202
1265
1203
1266
1204
1267
1205
1268
1206
1269
1207
1270
1208
1271
1209
1272
1210
1273
1211
1274
1212
1275
1213
1276
1214
1277
1215
1278
1216
1279
1217
1280
1218
1281
1219
1282
1220
1283
1221
1284
1222
1285
1223
1286
1224
1287
1225
1288
1226
1289
1227
1290
1228
1291
1229
1292
1230
1293
1231
1294
1232
1295
1233
1296
1234
1297
1235
1298
1236
1299
1237
1300
1238
1301
1239
1302
1240
1303
1241
1304
1242
1305
1243
1306
1244
1307
1245
1308
1246
1309
1247
1310
1248
1311
1249
1312
1250
1313
1251
1314
1252
1315
1253
1316
1254
1317
1255
1318
1319
1257
1320
1258
1321
1259
1322
1260
1323
1261
1324
1262
1325
1263
1326
1264
1327
1265
1328
1266
1329
1267
1330
1268
1331
1269
1332
1270
1333
1271
1334
1272
1335
1273
1336
1274
1337
1275
1338
1276
1339
1277
1340
1278
1341
1279
1342
1280
1343
1281
1344
1282
1345
1283
1346
1284
1347
1285
1348
1286
1349
1287
1350
1288
1351
1289
1352
1290
1353
1291
1354
1292
1355
1293
1356
1294
1357
1295
1358
1296
1359
1297
1360
1298
1361
1299
1362
1300
1363
1301
1364
1302
1365
1303
1366
1304
1367
1305
1368
1306
1369
1307
1370
1308
1371
1309
1372
1310
1373
1311
1374
1312
1375
1313
1376
1314
1377
1315
1378
1316
1379
1317
1380
1318
1381
1319
1382
1383
1321
1384
1322
1385
1323
1386
1324
1387
1325
1388
1326
1389
1327
1390
1328
1391
1329
1392
1330
1393
1331
1394
1332
1395
1333
1396
1334
1397
1335
1398
1336
1399
1337
1400
1338
1401
1339
1402
1340
1403
1341
1404
1342
1405
1343
1406
1344
1407
1345
1408
1346
1409
1347
1410
1348
1411
1349
1412
1350
1413
1351
1414
1352
1415
1353
1416
1354
1417
1355
1418
1356
1419
1357
1420
1358
1421
1359
1422
1360
1423
1361
1424
1362
1425
1363
1426
1364
1427
1365
1428
1366
1429
1367
1430
1368
1431
1369
1432
1370
1433
1371
1434
1372
1435
1373
1436
1374
1437
1375
1438
1376
1439
1377
1440
1378
1441
1379
1442
1380
1443
1381
1444
1382
1445
1383
1446
1447
1385
1448
1386
1449
1387
1450
1388
1451
1389
1452
1390
1453
1391
1454
1392
1455
1393
1456
1394
1457
1395
1458
1396
1459
1397
1460
1398
1461
1399
1462
1400
1463
1401
1464
1402
1465
1403
1466
1404
1467
1405
1468
1406
1469
1407
1470
1408
1471
1409
1472
1410
1473
1411
1474
1412
1475
1413
1476
1414
1477
1415
1478
1416
1479
1417
1480
1418
1481
1419
1482
1420
1483
1421
1484
1422
1485
1423
1486
1424
1487
1425
1488
1426
1489
1427
1490
1428
1491
1429
1492
1430
1493
1431
1494
1432
1495
1433
1496
1434
1497
1435
1498
1436
1499
1437
1500
1438
1501
1439
1502
1440
1503
1441
1504
1442
1505
1443
1506
1444
1507
1445
1508
1446
1509
1447
1510
1511
1449
1512
1450
1513
1451
1514
1452
1515
1453
1516
1454
1517
1455
1518
1456
1519
1457
1520
1458
1521
1459
1522
1460
1523
1461
1524
1462
1525
1463
1526
1464
1527
1465
1528
1466
1529
1467
1530
1468
1531
1469
1532
1470
1533
1471
1534
1472
1535
1473
1536
1474
1537
1475
1538
1476
1539
1477
1540
1478
1541
1479
1542
1480
1543
1481
1544
1482
1545
1483
1546
1484
1547
1485
1548
1486
1549
1487
1550
1488
1551
1489
1552
1490
1553
1491
1554
1492
1555
1493
1556
1494
1557
1495
1558
1496
1559
1497
1560
1498
1561
1499
1562
1500
1563
1501
1564
1502
1565
1503
1566
1504
1567
1505
1568
1506
1569
1507
1570
1508
1571
1509
1572
1510
1573
1511
1574
1575
1513
1576
1514
1577
1515
1578
1516
1579
1517
1580
1518
1581
1519
1582
1520
1583
1521
1584
1522
1585
1523
1586
1524
1587
1525
1588
1526
1589
1527
1590
1528
1591
1529
1592
1530
1593
1531
1594
1532
1595
1533
1596
1534
1597
1535
1598
1536
1599
1537
1600
1538
1601
1539
1602
1540
1603
1541
1604
1542
1605
1543
1606
1544
1607
1545
1608
1546
1609
1547
1610
1548
1611
1549
1612
1550
1613
1551
1614
1552
1615
1553
1616
1554
1617
1555
1618
1556
1619
1557
1620
1558
1621
1559
1622
1560
1623
1561
1624
1562
1625
1563
1626
1564
1627
1565
1628
1566
1629
1567
1630
1568
1631
1569
1632
1570
1633
1571
1634
1572
1635
1573
1636
1574
1637
1575
1638
1639
1577
1640
1578
1641
1579
1642
1580
1643
1581
1644
1582
1645
1583
1646
1584
1647
1585
1648
1586
1649
1587
1650
1588
1651
1589
1652
1590
1653
1591
1654
1592
1655
1593
1656
1594
1657
1595
1658
1596
1659
1597
1660
1598
1661
1599
1662
1600
1663
1601
1664
1602
1665
1603
1666
1604
1667
1605
1668
1606
1669
1607
1670
1608
1671
1609
1672
1610
1673
1611
1674
1612
1675
1613
1676
1614
1677
1615
1678
1616
1679
1617
1680
1618
1681
1619
1682
1620
1683
1621
1684
1622
1685
1623
1686
1624
1687
1625
1688
1626
1689
1627
1690
1628
1691
1629
1692
1630
1693
1631
1694
1632
1695
1633
1696
1634
1697
1635
1698
1636
1699
1637
1700
1638
1701
1639
1702
1703
1641
1704
1642
1705
1643
1706
1644
1707
1645
1708
1646
1709
1647
1710
1648
1711
1649
1712
1650
1713
1651
1714
1652
1715
1653
1716
1654
1717
1655
1718
1656
1719
1657
1720
1658
1721
1659
1722
1660
1723
1661
1724
1662
1725
1663
1726
1664
1727
1665
1728
1666
1729
1667
1730
1668
1731
1669
1732
1670
1733
1671
1734
1672
1735
1673
1736
1674
1737
1675
1738
1676
1739
1677
1740
1678
1741
1679
1742
1680
1743
1681
1744
1682
1745
1683
1746
1684
1747
1685
1748
1686
1749
1687
1750
1688
1751
1689
1752
1690
1753
1691
1754
1692
1755
1693
1756
1694
1757
1695
1758
1696
1759
1697
1760
1698
1761
1699
1762
1700
1763
1701
1764
1702
1765
1703
1766
1767
1705
1768
1706
1769
1707
1770
1708
1771
1709
1772
1710
1773
1711
1774
1712
1775
1713
1776
1714
1777
1715
1778
1716
1779
1717
1780
1718
1781
1719
1782
1720
1783
1721
1784
1722
1785
1723
1786
1724
1787
1725
1788
1726
1789
1727
1790
1728
1791
1729
1792
1730
1793
1731
1794
1732
1795
1733
1796
1734
1797
1735
1798
1736
1799
1737
1800
1738
1801
1739
1802
1740
1803
1741
1804
1742
1805
1743
1806
1744
1807
1745
1808
1746
1809
1747
1810
1748
1811
1749
1812
1750
1813
1751
1814
1752
1815
1753
1816
1754
1817
1755
1818
1756
1819
1757
1820
1758
1821
1759
1822
1760
1823
1761
1824
1762
1825
1763
1826
1764
1827
1765
1828
1766
1829
1767
1830
1831
1769
1832
1770
1833
1771
1834
1772
1835
1773
1836
1774
1837
1775
1838
1776
1839
1777
1840
1778
1841
1779
1842
1780
1843
1781
1844
1782
1845
1783
1846
1784
1847
1785
1848
1786
1849
1787
1850
1788
1851
1789
1852
1790
1853
1791
1854
1792
1855
1793
1856
1794
1857
1795
1858
1796
1859
1797
1860
1798
1861
1799
1862
1800
1863
1801
1864
1802
1865
1803
1866
1804
1867
1805
1868
1806
1869
1807
1870
1808
1871
1809
1872
1810
1873
1811
1874
1812
1875
1813
1876
1814
1877
1815
1878
1816
1879
1817
1880
1818
1881
1819
1882
1820
1883
1821
1884
1822
1885
1823
1886
1824
1887
1825
1888
1826
1889
1827
1890
1828
1891
1829
1892
1830
1893
1831
1894
1895
1833
1896
1834
1897
1835
1898
1836
1899
1837
1900
1838
1901
1839
1902
1840
1903
1841
1904
1842
1905
1843
1906
1844
1907
1845
1908
1846
1909
1847
1910
1848
1911
1849
1912
1850
1913
1851
1914
1852
1915
1853
1916
1854
1917
1855
1918
1856
1919
1857
1920
1858
1921
1859
1922
1860
1923
1861
1924
1862
1925
1863
1926
1864
1927
1865
1928
1866
1929
1867
1930
1868
1931
1869
1932
1870
1933
1871
1934
1872
1935
1873
1936
1874
1937
1875
1938
1876
1939
1877
1940
1878
1941
1879
1942
1880
1943
1881
1944
1882
1945
1883
1946
1884
1947
1885
1948
1886
1949
1887
1950
1888
1951
1889
1952
1890
1953
1891
1954
1892
1955
1893
1956
1894
1957
1895
1958
1959
1897
1960
1898
1961
1899
1962
1900
1963
1901
1964
1902
1965
1903
1966
1904
1967
1905
1968
1906
1969
1907
1970
1908
1971
1909
1972
1910
1973
1911
1974
1912
1975
1913
1976
1914
1977
1915
1978
1916
1979
1917
1980
1918
1981
1919
1982
1920
1983
1921
1984
1922
1985
1923
1986
1924
1987
1925
1988
1926
1989
1927
1990
1928
1991
1929
1992
1930
1993
1931
1994
1932
1995
1933
1996
1934
1997
1935
1998
1936
1999
1937
2000
1938
2001
1939
2002
1940
2003
1941
2004
1942
2005
1943
2006
1944
2007
1945
2008
1946
2009
1947
2010
1948
2011
1949
2012
1950
2013
1951
2014
1952
2015
1953
2016
1954
2017
1955
2018
1956
2019
1957
2020
1958
2021
1959
2022
2023
1961
2024
1962
2025
1963
2026
1964
2027
1965
2028
1966
2029
1967
2030
1968
2031
1969
2032
1970
2033
1971
2034
1972
2035
1973
2036
1974
2037
1975
2038
1976
2039
1977
2040
1978
2041
1979
2042
1980
2043
1981
2044
1982
2045
1983
2046
1984
2047
1985
2048
1986
2049
1987
2050
1988
2051
1989
2052
1990
2053
1991
2054
1992
2055
1993
2056
1994
2057
1995
2058
1996
2059
1997
2060
1998
2061
1999
2062
2000
2063
2001
2064
2002
2065
2003
2066
2004
2067
2005
2068
2006
2069
2007
2070
2008
2071
2009
2072
2010
2073
2011
2074
2012
2075
2013
2076
2014
2077
2015
2078
2016
2079
2017
2080
2018
2081
2019
2082
2020
2083
2021
2084
2022
2085
2023
2086
2087
2025
2088
2026
2089
2027
2090
2028
2091
2029
2092
2030
2093
2031
2094
2032
2095
2033
2096
2034
2097
2035
2098
2036
2099
2037
2100
2038
2101
2039
2102
2040
2103
2041
2104
2042
2105
2043
2106
2044
2107
2045
2108
2046
2109
2047
2110
2048
2111
2049
2112
2050
2113
2051
2114
2052
2115
2053
2116
2054
2117
2055
2118
2056
2119
2057
2120
2058
2121
2059
2122
2060
2123
2061
2124
2062
2125
2063
2126
2064
2127
2065
2128
2066
2129
2067
2130
2068
2131
2069
2132
2070
2133
2071
2134
2072
2135
2073
2136
2074
2137
2075
2138
2076
2139
2077
2140
2078
2141
2079
2142
2080
2143
2081
2144
2082
2145
2083
2146
2084
2147
2085
2148
2086
2149
2087
2150
2151
2089
2152
2090
2153
2091
2154
2092
2155
2093
2156
2094
2157
2095
2158
2096
2159
2097
2160
2098
2161
2099
2162
2100
2163
2101
2164
2102
2165
2103
2166
2104
2167
2105
2168
2106
2169
2107
2170
2108
2171
2109
2172
2110
2173
2111
2174
2112
2175
2113
2176
2114
2177
2115
2178
2116
2179
2117
2180
2118
2181
2119
2182
2120
2183
2121
2184
2122
2185
2123
2186
2124
2187
2125
2188
2126
2189
2127
2190
2128
2191
2129
2192
2130
2193
2131
2194
2132
2195
2133
2196
2134
2197
2135
2198
2136
2199
2137
2200
2138
2201
2139
2202
2140
2203
2141
2204
2142
2205
2143
2206
2144
2207
2145
2208
2146
2209
2147
2210
2148
2211
2149
2212
2150
2213
2151
2214
2215
2153
2216
2154
2217
2155
2218
2156
2219
2157
2220
2158
2221
2159
2222
2160
2223
2161
2224
2162
2225
2163
2226
2164
2227
2165
2228
2166
2229
2167
2230
2168
2231
2169
2232
2170
2233
2171
2234
2172
2235
2173
2236
2174
2237
2175
2238
2176
2239
2177
2240
2178
2241
2179
2242
2180
2243
2181
2244
2182
2245
2183
2246
2184
2247
2185
2248
2186
2249
2187
2250
2188
2251
2189
2252
2190
2253
2191
2254
2192
2255
2193
2256
2194
2257
2195
2258
2196
2259
2197
2260
2198
2261
2199
2262
2200
2263
2201
2264
2202
2265
2203
2266
2204
2267
2205
2268
2206
2269
2207
2270
2208
2271
2209
2272
2210
2273
2211
2274
2212
2275
2213
2276
2214
2277
2215
2278
2279
2217
2280
2218
2281
2219
2282
2220
2283
2221
2284
2222
2285
2223
2286
2224
2287
2225
2288
2226
2289
2227
2290
2228
2291
2229
2292
2230
2293
2231
2294
2232
2295
2233
2296
2234
2297
2235
2298
2236
2299
2237
2300
2238
2301
2239
2302
2240
2303
2241
2304
2242
2305
2243
2306
2244
2307
2245
2308
2246
2309
2247
2310
2248
2311
2249
2312
2250
2313
2251
2314
2252
2315
2253
2316
2254
2317
2255
2318
2256
2319
2257
2320
2258
2321
2259
2322
2260
2323
2261
2324
2262
2325
2263
2326
2264
2327
2265
2328
2266
2329
2267
2330
2268
2331
2269
2332
2270
2333
2271
2334
2272
2335
2273
2336
2274
2337
2275
2338
2276
2339
2277
2340
2278
2341
2279
2342
2343
2281
2344
2282
2345
2283
2346
2284
2347
2285
2348
2286
2349
2287
2350
2288
2351
2289
2352
2290
2353
2291
2354
2292
2355
2293
2356
2294
2357
2295
2358
2296
2359
2297
2360
2298
2361
2299
2362
2300
2363
2301
2364
2302
2365
2303
2366
2304
2367
2305
2368
2306
2369
2307
2370
2308
2371
2309
2372
2310
2373
2311
2374
2312
2375
2313
2376
2314
2377
2315
2378
2316
2379
2317
2380
2318
2381
2319
2382
2320
2383
2321
2384
2322
2385
2323
2386
2324
2387
2325
2388
2326
2389
2327
2390
2328
2391
2329
2392
2330
2393
2331
2394
2332
2395
2333
2396
2334
2397
2335
2398
2336
2399
2337
2400
2338
2401
2339
2402
2340
2403
2341
2404
2342
2405
2343
2406
2407
2345
2408
2346
2409
2347
2410
2348
2411
2349
2412
2350
2413
2351
2414
2352
2415
2353
2416
2354
2417
2355
2418
2356
2419
2357
2420
2358
2421
2359
2422
2360
2423
2361
2424
2362
2425
2363
2426
2364
2427
2365
2428
2366
2429
2367
2430
2368
2431
2369
2432
2370
2433
2371
2434
2372
2435
2373
2436
2374
2437
2375
2438
2376
2439
2377
2440
2378
2441
2379
2442
2380
2443
2381
2444
2382
2445
2383
2446
2384
2447
2385
2448
2386
2449
2387
2450
2388
2451
2389
2452
2390
2453
2391
2454
2392
2455
2393
2456
2394
2457
2395
2458
2396
2459
2397
2460
2398
2461
2399
2462
2400
2463
2401
2464
2402
2465
2403
2466
2404
2467
2405
2468
2406
2469
2407
2470
2471
2409
2472
2410
2473
2411
2474
2412
2475
2413
2476
2414
2477
2415
2478
2416
2479
2417
2480
2418
2481
2419
2482
2420
2483
2421
2484
2422
2485
2423
2486
2424
2487
2425
2488
2426
2489
2427
2490
2428
2491
2429
2492
2430
2493
2431
2494
2432
2495
2433
2496
2434
2497
2435
2498
2436
2499
2437
2500
2438
2501
2439
2502
2440
2503
2441
2504
2442
2505
2443
2506
2444
2507
2445
2508
2446
2509
2447
2510
2448
2511
2449
2512
2450
2513
2451
2514
2452
2515
2453
2516
2454
2517
2455
2518
2456
2519
2457
2520
2458
2521
2459
2522
2460
2523
2461
2524
2462
2525
2463
2526
2464
2527
2465
2528
2466
2529
2467
2530
2468
2531
2469
2532
2470
2533
2471
2534
2535
2473
2536
2474
2537
2475
2538
2476
2539
2477
2540
2478
2541
2479
2542
2480
2543
2481
2544
2482
2545
2483
2546
2484
2547
2485
2548
2486
2549
2487
2550
2488
2551
2489
2552
2490
2553
2491
2554
2492
2555
2493
2556
2494
2557
2495
2558
2496
2559
2497
2560
2498
2561
2499
2562
2500
2563
2501
2564
2502
2565
2503
2566
2504
2567
2505
2568
2506
2569
2507
2570
2508
2571
2509
2572
2510
2573
2511
2574
2512
2575
2513
2576
2514
2577
2515
2578
2516
2579
2517
2580
2518
2581
2519
2582
2520
2583
2521
2584
2522
2585
2523
2586
2524
2587
2525
2588
2526
2589
2527
2590
2528
2591
2529
2592
2530
2593
2531
2594
2532
2595
2533
2596
2534
2597
2535
2598
2599
2537
2600
2538
2601
2539
2602
2540
2603
2541
2604
2542
2605
2543
2606
2544
2607
2545
2608
2546
2609
2547
2610
2548
2611
2549
2612
2550
2613
2551
2614
2552
2615
2553
2616
2554
2617
2555
2618
2556
2619
2557
2620
2558
2621
2559
2622
2560
2623
2561
2624
2562
2625
2563
2626
2564
2627
2565
2628
2566
2629
2567
2630
2568
2631
2569
2632
2570
2633
2571
2634
2572
2635
2573
2636
2574
2637
2575
2638
2576
2639
2577
2640
2578
2641
2579
2642
2580
2643
2581
2644
2582
2645
2583
2646
2584
2647
2585
2648
2586
2649
2587
2650
2588
2651
2589
2652
2590
2653
2591
2654
2592
2655
2593
2656
2594
2657
2595
2658
2596
2659
2597
2660
2598
2661
2599
2662
2663
2601
2664
2602
2665
2603
2666
2604
2667
2605
2668
2606
2669
2607
2670
2608
2671
2609
2672
2610
2673
2611
2674
2612
2675
2613
2676
2614
2677
2615
2678
2616
2679
2617
2680
2618
2681
2619
2682
2620
2683
2621
2684
2622
2685
2623
2686
2624
2687
2625
2688
2626
2689
2627
2690
2628
2691
2629
2692
2630
2693
2631
2694
2632
2695
2633
2696
2634
2697
2635
2698
2636
2699
2637
2700
2638
2701
2639
2702
2640
2703
2641
2704
2642
2705
2643
2706
2644
2707
2645
2708
2646
2709
2647
2710
2648
2711
2649
2712
2650
2713
2651
2714
2652
2715
2653
2716
2654
2717
2655
2718
2656
2719
2657
2720
2658
2721
2659
2722
2660
2723
2661
2724
2662
2725
2663
2726
2727
2665
2728
2666
2729
2667
2730
2668
2731
2669
2732
2670
2733
2671
2734
2672
2735
2673
2736
2674
2737
2675
2738
2676
2739
2677
2740
2678
2741
2679
2742
2680
2743
2681
2744
2682
2745
2683
2746
2684
2747
2685
2748
2686
2749
2687
2750
2688
2751
2689
2752
2690
2753
2691
2754
2692
2755
2693
2756
2694
2757
2695
2758
2696
2759
2697
2760
2698
2761
2699
2762
2700
2763
2701
2764
2702
2765
2703
2766
2704
2767
2705
2768
2706
2769
2707
2770
2708
2771
2709
2772
2710
2773
2711
2774
2712
2775
2713
2776
2714
2777
2715
2778
2716
2779
2717
2780
2718
2781
2719
2782
2720
2783
2721
2784
2722
2785
2723
2786
2724
2787
2725
2788
2726
2789
2727
2790
2791
2729
2792
2730
2793
2731
2794
2732
2795
2733
2796
2734
2797
2735
2798
2736
2799
2737
2800
2738
2801
2739
2802
2740
2803
2741
2804
2742
2805
2743
2806
2744
2807
2745
2808
2746
2809
2747
2810
2748
2811
2749
2812
2750
2813
2751
2814
2752
2815
2753
2816
2754
2817
2755
2818
2756
2819
2757
2820
2758
2821
2759
2822
2760
2823
2761
2824
2762
2825
2763
2826
2764
2827
2765
2828
2766
2829
2767
2830
2768
2831
2769
2832
2770
2833
2771
2834
2772
2835
2773
2836
2774
2837
2775
2838
2776
2839
2777
2840
2778
2841
2779
2842
2780
2843
2781
2844
2782
2845
2783
2846
2784
2847
2785
2848
2786
2849
2787
2850
2788
2851
2789
2852
2790
2853
2791
2854
2855
2793
2856
2794
2857
2795
2858
2796
2859
2797
2860
2798
2861
2799
2862
2800
2863
2801
2864
2802
2865
2803
2866
2804
2867
2805
2868
2806
2869
2807
2870
2808
2871
2809
2872
2810
2873
2811
2874
2812
2875
2813
2876
2814
2877
2815
2878
2816
2879
2817
2880
2818
2881
2819
2882
2820
2883
2821
2884
2822
2885
2823
2886
2824
2887
2825
2888
2826
2889
2827
2890
2828
2891
2829
2892
2830
2893
2831
2894
2832
2895
2833
2896
2834
2897
2835
2898
2836
2899
2837
2900
2838
2901
2839
2902
2840
2903
2841
2904
2842
2905
2843
2906
2844
2907
2845
2908
2846
2909
2847
2910
2848
2911
2849
2912
2850
2913
2851
2914
2852
2915
2853
2916
2854
2917
2855
2918
2919
2857
2920
2858
2921
2859
2922
2860
2923
2861
2924
2862
2925
2863
2926
2864
2927
2865
2928
2866
2929
2867
2930
2868
2931
2869
2932
2870
2933
2871
2934
2872
2935
2873
2936
2874
2937
2875
2938
2876
2939
2877
2940
2878
2941
2879
2942
2880
2943
2881
2944
2882
2945
2883
2946
2884
2947
2885
2948
2886
2949
2887
2950
2888
2951
2889
2952
2890
2953
2891
2954
2892
2955
2893
2956
2894
2957
2895
2958
2896
2959
2897
2960
2898
2961
2899
2962
2900
2963
2901
2964
2902
2965
2903
2966
2904
2967
2905
2968
2906
2969
2907
2970
2908
2971
2909
2972
2910
2973
2911
2974
2912
2975
2913
2976
2914
2977
2915
2978
2916
2979
2917
2980
2918
2981
2919
2982
2983
2921
2984
2922
2985
2923
2986
2924
2987
2925
2988
2926
2989
2927
2990
2928
2991
2929
2992
2930
2993
2931
2994
2932
2995
2933
2996
2934
2997
2935
2998
2936
2999
2937
3000
2938
3001
2939
3002
2940
3003
2941
3004
2942
3005
2943
3006
2944
3007
2945
3008
2946
3009
2947
3010
2948
3011
2949
3012
2950
3013
2951
3014
2952
3015
2953
3016
2954
3017
2955
3018
2956
3019
2957
3020
2958
3021
2959
3022
2960
3023
2961
3024
2962
3025
2963
3026
2964
3027
2965
3028
2966
3029
2967
3030
2968
3031
2969
3032
2970
3033
2971
3034
2972
3035
2973
3036
2974
3037
2975
3038
2976
3039
2977
3040
2978
3041
2979
3042
2980
3043
2981
3044
2982
3045
2983
3046
3047
2985
3048
2986
3049
2987
3050
2988
3051
2989
3052
2990
3053
2991
3054
2992
3055
2993
3056
2994
3057
2995
3058
2996
3059
2997
3060
2998
3061
2999
3062
3000
3063
3001
3064
3002
3065
3003
3066
3004
3067
3005
3068
3006
3069
3007
3070
3008
3071
3009
3072
3010
3073
3011
3074
3012
3075
3013
3076
3014
3077
3015
3078
3016
3079
3017
3080
3018
3081
3019
3082
3020
3083
3021
3084
3022
3085
3023
3086
3024
3087
3025
3088
3026
3089
3027
3090
3028
3091
3029
3092
3030
3093
3031
3094
3032
3095
3033
3096
3034
3097
3035
3098
3036
3099
3037
3100
3038
3101
3039
3102
3040
3103
3041
3104
3042
3105
3043
3106
3044
3107
3045
3108
3046
3109
3047
3110
3111
3049
3112
3050
3113
3051
3114
3052
3115
3053
3116
3054
3117
3055
3118
3056
3119
3057
3120
3058
3121
3059
3122
3060
3123
3061
3124
3062
3125
3063
3126
3064
3127
3065
3128
3066
3129
3067
3130
3068
3131
3069
3132
3070
3133
3071
3134
3072
3135
3073
3136
3074
3137
3075
3138
3076
3139
3077
3140
3078
3141
3079
3142
3080
3143
3081
3144
3082
3145
3083
3146
3084
3147
3085
3148
3086
3149
3087
3150
3088
3151
3089
3152
3090
3153
3091
3154
3092
3155
3093
3156
3094
3157
3095
3158
3096
3159
3097
3160
3098
3161
3099
3162
3100
3163
3101
3164
3102
3165
3103
3166
3104
3167
3105
3168
3106
3169
3107
3170
3108
3171
3109
3172
3110
3173
3111
3174
3175
3113
3176
3114
3177
3115
3178
3116
3179
3117
3180
3118
3181
3119
3182
3120
3183
3121
3184
3122
3185
3123
3186
3124
3187
3125
3188
3126
3189
3127
3190
3128
3191
3129
3192
3130
3193
3131
3194
3132
3195
3133
3196
3134
3197
3135
3198
3136
3199
3137
3200
3138
3201
3139
3202
3140
3203
3141
3204
3142
3205
3143
3206
3144
3207
3145
3208
3146
3209
3147
3210
3148
3211
3149
3212
3150
3213
3151
3214
3152
3215
3153
3216
3154
3217
3155
3218
3156
3219
3157
3220
3158
3221
3159
3222
3160
3223
3161
3224
3162
3225
3163
3226
3164
3227
3165
3228
3166
3229
3167
3230
3168
3231
3169
3232
3170
3233
3171
3234
3172
3235
3173
3236
3174
3237
3175
3238
3239
3177
3240
3178
3241
3179
3242
3180
3243
3181
3244
3182
3245
3183
3246
3184
3247
3185
3248
3186
3249
3187
3250
3188
3251
3189
3252
3190
3253
3191
3254
3192
3255
3193
3256
3194
3257
3195
3258
3196
3259
3197
3260
3198
3261
3199
3262
3200
3263
3201
3264
3202
3265
3203
3266
3204
3267
3205
3268
3206
3269
3207
3270
3208
3271
3209
3272
3210
3273
3211
3274
3212
3275
3213
3276
3214
3277
3215
3278
3216
3279
3217
3280
3218
3281
3219
3282
3220
3283
3221
3284
3222
3285
3223
3286
3224
3287
3225
3288
3226
3289
3227
3290
3228
3291
3229
3292
3230
3293
3231
3294
3232
3295
3233
3296
3234
3297
3235
3298
3236
3299
3237
3300
3238
3301
3239
3302
3303
3241
3304
3242
3305
3243
3306
3244
3307
3245
3308
3246
3309
3247
3310
3248
3311
3249
3312
3250
3313
3251
3314
3252
3315
3253
3316
3254
3317
3255
3318
3256
3319
3257
3320
3258
3321
3259
3322
3260
3323
3261
3324
3262
3325
3263
3326
3264
3327
3265
3328
3266
3329
3267
3330
3268
3331
3269
3332
3270
3333
3271
3334
3272
3335
3273
3336
3274
3337
3275
3338
3276
3339
3277
3340
3278
3341
3279
3342
3280
3343
3281
3344
3282
3345
3283
3346
3284
3347
3285
3348
3286
3349
3287
3350
3288
3351
3289
3352
3290
3353
3291
3354
3292
3355
3293
3356
3294
3357
3295
3358
3296
3359
3297
3360
3298
3361
3299
3362
3300
3363
3301
3364
3302
3365
3303
3366
3367
3305
3368
3306
3369
3307
3370
3308
3371
3309
3372
3310
3373
3311
3374
3312
3375
3313
3376
3314
3377
3315
3378
3316
3379
3317
3380
3318
3381
3319
3382
3320
3383
3321
3384
3322
3385
3323
3386
3324
3387
3325
3388
3326
3389
3327
3390
3328
3391
3329
3392
3330
3393
3331
3394
3332
3395
3333
3396
3334
3397
3335
3398
3336
3399
3337
3400
3338
3401
3339
3402
3340
3403
3341
3404
3342
3405
3343
3406
3344
3407
3345
3408
3346
3409
3347
3410
3348
3411
3349
3412
3350
3413
3351
3414
3352
3415
3353
3416
3354
3417
3355
3418
3356
3419
3357
3420
3358
3421
3359
3422
3360
3423
3361
3424
3362
3425
3363
3426
3364
3427
3365
3428
3366
3429
3367
3430
3431
3369
3432
3370
3433
3371
3434
3372
3435
3373
3436
3374
3437
3375
3438
3376
3439
3377
3440
3378
3441
3379
3442
3380
3443
3381
3444
3382
3445
3383
3446
3384
3447
3385
3448
3386
3449
3387
3450
3388
3451
3389
3452
3390
3453
3391
3454
3392
3455
3393
3456
3394
3457
3395
3458
3396
3459
3397
3460
3398
3461
3399
3462
3400
3463
3401
3464
3402
3465
3403
3466
3404
3467
3405
3468
3406
3469
3407
3470
3408
3471
3409
3472
3410
3473
3411
3474
3412
3475
3413
3476
3414
3477
3415
3478
3416
3479
3417
3480
3418
3481
3419
3482
3420
3483
3421
3484
3422
3485
3423
3486
3424
3487
3425
3488
3426
3489
3427
3490
3428
3491
3429
3492
3430
3493
3431
3494
3495
3433
3496
3434
3497
3435
3498
3436
3499
3437
3500
3438
3501
3439
3502
3440
3503
3441
3504
3442
3505
3443
3506
3444
3507
3445
3508
3446
3509
3447
3510
3448
3511
3449
3512
3450
3513
3451
3514
3452
3515
3453
3516
3454
3517
3455
3518
3456
3519
3457
3520
3458
3521
3459
3522
3460
3523
3461
3524
3462
3525
3463
3526
3464
3527
3465
3528
3466
3529
3467
3530
3468
3531
3469
3532
3470
3533
3471
3534
3472
3535
3473
3536
3474
3537
3475
3538
3476
3539
3477
3540
3478
3541
3479
3542
3480
3543
3481
3544
3482
3545
3483
3546
3484
3547
3485
3548
3486
3549
3487
3550
3488
3551
3489
3552
3490
3553
3491
3554
3492
3555
3493
3556
3494
3557
3495
3558
3559
3497
3560
3498
3561
3499
3562
3500
3563
3501
3564
3502
3565
3503
3566
3504
3567
3505
3568
3506
3569
3507
3570
3508
3571
3509
3572
3510
3573
3511
3574
3512
3575
3513
3576
3514
3577
3515
3578
3516
3579
3517
3580
3518
3581
3519
3582
3520
3583
3521
3584
3522
3585
3523
3586
3524
3587
3525
3588
3526
3589
3527
3590
3528
3591
3529
3592
3530
3593
3531
3594
3532
3595
3533
3596
3534
3597
3535
3598
3536
3599
3537
3600
3538
3601
3539
3602
3540
3603
3541
3604
3542
3605
3543
3606
3544
3607
3545
3608
3546
3609
3547
3610
3548
3611
3549
3612
3550
3613
3551
3614
3552
3615
3553
3616
3554
3617
3555
3618
3556
3619
3557
3620
3558
3621
3559
3622
3623
3561
3624
3562
3625
3563
3626
3564
3627
3565
3628
3566
3629
3567
3630
3568
3631
3569
3632
3570
3633
3571
3634
3572
3635
3573
3636
3574
3637
3575
3638
3576
3639
3577
3640
3578
3641
3579
3642
3580
3643
3581
3644
3582
3645
3583
3646
3584
3647
3585
3648
3586
3649
3587
3650
3588
3651
3589
3652
3590
3653
3591
3654
3592
3655
3593
3656
3594
3657
3595
3658
3596
3659
3597
3660
3598
3661
3599
3662
3600
3663
3601
3664
3602
3665
3603
3666
3604
3667
3605
3668
3606
3669
3607
3670
3608
3671
3609
3672
3610
3673
3611
3674
3612
3675
3613
3676
3614
3677
3615
3678
3616
3679
3617
3680
3618
3681
3619
3682
3620
3683
3621
3684
3622
3685
3623
3686
3687
3625
3688
3626
3689
3627
3690
3628
3691
3629
3692
3630
3693
3631
3694
3632
3695
3633
3696
3634
3697
3635
3698
3636
3699
3637
3700
3638
3701
3639
3702
3640
3703
3641
3704
3642
3705
3643
3706
3644
3707
3645
3708
3646
3709
3647
3710
3648
3711
3649
3712
3650
3713
3651
3714
3652
3715
3653
3716
3654
3717
3655
3718
3656
3719
3657
3720
3658
3721
3659
3722
3660
3723
3661
3724
3662
3725
3663
3726
3664
3727
3665
3728
3666
3729
3667
3730
3668
3731
3669
3732
3670
3733
3671
3734
3672
3735
3673
3736
3674
3737
3675
3738
3676
3739
3677
3740
3678
3741
3679
3742
3680
3743
3681
3744
3682
3745
3683
3746
3684
3747
3685
3748
3686
3749
3687
3750
3751
3689
3752
3690
3753
3691
3754
3692
3755
3693
3756
3694
3757
3695
3758
3696
3759
3697
3760
3698
3761
3699
3762
3700
3763
3701
3764
3702
3765
3703
3766
3704
3767
3705
3768
3706
3769
3707
3770
3708
3771
3709
3772
3710
3773
3711
3774
3712
3775
3713
3776
3714
3777
3715
3778
3716
3779
3717
3780
3718
3781
3719
3782
3720
3783
3721
3784
3722
3785
3723
3786
3724
3787
3725
3788
3726
3789
3727
3790
3728
3791
3729
3792
3730
3793
3731
3794
3732
3795
3733
3796
3734
3797
3735
3798
3736
3799
3737
3800
3738
3801
3739
3802
3740
3803
3741
3804
3742
3805
3743
3806
3744
3807
3745
3808
3746
3809
3747
3810
3748
3811
3749
3812
3750
3813
3751
3814
3815
3753
3816
3754
3817
3755
3818
3756
3819
3757
3820
3758
3821
3759
3822
3760
3823
3761
3824
3762
3825
3763
3826
3764
3827
3765
3828
3766
3829
3767
3830
3768
3831
3769
3832
3770
3833
3771
3834
3772
3835
3773
3836
3774
3837
3775
3838
3776
3839
3777
3840
3778
3841
3779
3842
3780
3843
3781
3844
3782
3845
3783
3846
3784
3847
3785
3848
3786
3849
3787
3850
3788
3851
3789
3852
3790
3853
3791
3854
3792
3855
3793
3856
3794
3857
3795
3858
3796
3859
3797
3860
3798
3861
3799
3862
3800
3863
3801
3864
3802
3865
3803
3866
3804
3867
3805
3868
3806
3869
3807
3870
3808
3871
3809
3872
3810
3873
3811
3874
3812
3875
3813
3876
3814
3877
3815
3878
3879
3817
3880
3818
3881
3819
3882
3820
3883
3821
3884
3822
3885
3823
3886
3824
3887
3825
3888
3826
3889
3827
3890
3828
3891
3829
3892
3830
3893
3831
3894
3832
3895
3833
3896
3834
3897
3835
3898
3836
3899
3837
3900
3838
3901
3839
3902
3840
3903
3841
3904
3842
3905
3843
3906
3844
3907
3845
3908
3846
3909
3847
3910
3848
3911
3849
3912
3850
3913
3851
3914
3852
3915
3853
3916
3854
3917
3855
3918
3856
3919
3857
3920
3858
3921
3859
3922
3860
3923
3861
3924
3862
3925
3863
3926
3864
3927
3865
3928
3866
3929
3867
3930
3868
3931
3869
3932
3870
3933
3871
3934
3872
3935
3873
3936
3874
3937
3875
3938
3876
3939
3877
3940
3878
3941
3879
3942
3943
3881
3944
3882
3945
3883
3946
3884
3947
3885
3948
3886
3949
3887
3950
3888
3951
3889
3952
3890
3953
3891
3954
3892
3955
3893
3956
3894
3957
3895
3958
3896
3959
3897
3960
3898
3961
3899
3962
3900
3963
3901
3964
3902
3965
3903
3966
3904
3967
3905
3968
3906
3969
3907
3970
3908
3971
3909
3972
3910
3973
3911
3974
3912
3975
3913
3976
3914
3977
3915
3978
3916
3979
3917
3980
3918
3981
3919
3982
3920
3983
3921
3984
3922
3985
3923
3986
3924
3987
3925
3988
3926
3989
3927
3990
3928
3991
3929
3992
3930
3993
3931
3994
3932
3995
3933
3996
3934
3997
3935
3998
3936
3999
3937
4000
3938
4001
3939
4002
3940
4003
3941
4004
3942
4005
3943
4006
4007
3945
4008
3946
4009
3947
4010
3948
4011
3949
4012
3950
4013
3951
4014
3952
4015
3953
4016
3954
4017
3955
4018
3956
4019
3957
4020
3958
4021
3959
4022
3960
4023
3961
4024
3962
4025
3963
4026
3964
4027
3965
4028
3966
4029
3967
4030
3968
4031
3969
4032
3970
4033
3971
4034
3972
4035
3973
4036
3974
4037
3975
4038
3976
4039
3977
4040
3978
4041
3979
4042
3980
4043
3981
4044
3982
4045
3983
4046
3984
4047
3985
4048
3986
4049
3987
4050
3988
4051
3989
4052
3990
4053
3991
4054
3992
4055
3993
4056
3994
4057
3995
4058
3996
4059
3997
4060
3998
4061
3999
4062
4000
4063
4001
4064
4002
4065
4003
4066
4004
4067
4005
4068
4006
4069
4007
4070
4071
4009
4072
4010
4073
4011
4074
4012
4075
4013
4076
4014
4077
4015
4078
4016
4079
4017
4080
4018
4081
4019
4082
4020
4083
4021
4084
4022
4085
4023
4086
4024
4087
4025
4088
4026
4089
4027
4090
4028
4091
4029
4092
4030
4093
4031
4094
4032
4095
4033
4096
4034
4097
4035
4098
4036
4099
4037
4100
4038
4101
4039
4102
4040
4103
4041
4104
4042
4105
4043
4106
4044
4107
4045
4108
4046
4109
4047
4110
4048
4111
4049
4112
4050
4113
4051
4114
4052
4115
4053
4116
4054
4117
4055
4118
4056
4119
4057
4120
4058
4121
4059
4122
4060
4123
4061
4124
4062
4125
4063
4126
4064
4127
4065
4128
4066
4129
4067
4130
4068
4131
4069
4132
4070
4133
4071
4134
4135
4073
4136
4074
4137
4075
4138
4076
4139
4077
4140
4078
4141
4079
4142
4080
4143
4081
4144
4082
4145
4083
4146
4084
4147
4085
4148
4086
4149
4087
4150
4088
4151
4089
4152
4090
4153
4091
4154
4092
4155
4093
4156
4094
4157
4095
4158
4096
4159
4097
4160
4098
4161
4099
4162
4100
4163
4101
4164
4102
4165
4103
4166
4104
4167
4105
4168
4106
4169
4107
4170
4108
4171
4109
4172
4110
4173
4111
4174
4112
4175
4113
4176
4114
4177
4115
4178
4116
4179
4117
4180
4118
4181
4119
4182
4120
4183
4121
4184
4122
4185
4123
4186
4124
4187
4125
4188
4126
4189
4127
4190
4128
4191
4129
4192
4130
4193
4131
4194
4132
4195
4133
4196
4134
4197
4135
4198
4199
4137
4200
4138
4201
4139
4202
4140
4203
4141
4204
4142
4205
4143
4206
4144
4207
4145
4208
4146
4209
4147
4210
4148
4211
4149
4212
4150
4213
4151
4214
4152
4215
4153
4216
4154
4217
4155
4218
4156
4219
4157
4220
4158
4221
4159
4222
4160
4223
4161
4224
4162
4225
4163
4226
4164
4227
4165
4228
4166
4229
4167
4230
4168
4231
4169
4232
4170
4233
4171
4234
4172
4235
4173
4236
4174
4237
4175
4238
4176
4239
4177
4240
4178
4241
4179
4242
4180
4243
4181
4244
4182
4245
4183
4246
4184
4247
4185
4248
4186
4249
4187
4250
4188
4251
4189
4252
4190
4253
4191
4254
4192
4255
4193
4256
4194
4257
4195
4258
4196
4259
4197
4260
4198
4261
4199
4262
4263
4201
4264
4202
4265
4203
4266
4204
4267
4205
4268
4206
4269
4207
4270
4208
4271
4209
4272
4210
4273
4211
4274
4212
4275
4213
4276
4214
4277
4215
4278
4216
4279
4217
4280
4218
4281
4219
4282
4220
4283
4221
4284
4222
4285
4223
4286
4224
4287
4225
4288
4226
4289
4227
4290
4228
4291
4229
4292
4230
4293
4231
4294
4232
4295
4233
4296
4234
4297
4235
4298
4236
4299
4237
4300
4238
4301
4239
4302
4240
4303
4241
4304
4242
4305
4243
4306
4244
4307
4245
4308
4246
4309
4247
4310
4248
4311
4249
4312
4250
4313
4251
4314
4252
4315
4253
4316
4254
4317
4255
4318
4256
4319
4257
4320
4258
4321
4259
4322
4260
4323
4261
4324
4262
4325
4263
4326
4327
4265
4328
4266
4329
4267
4330
4268
4331
4269
4332
4270
4333
4271
4334
4272
4335
4273
4336
4274
4337
4275
4338
4276
4339
4277
4340
4278
4341
4279
4342
4280
4343
4281
4344
4282
4345
4283
4346
4284
4347
4285
4348
4286
4349
4287
4350
4288
4351
4289
4352
4290
4353
4291
4354
4292
4355
4293
4356
4294
4357
4295
4358
4296
4359
4297
4360
4298
4361
4299
4362
4300
4363
4301
4364
4302
4365
4303
4366
4304
4367
4305
4368
4306
4369
4307
4370
4308
4371
4309
4372
4310
4373
4311
4374
4312
4375
4313
4376
4314
4377
4315
4378
4316
4379
4317
4380
4318
4381
4319
4382
4320
4383
4321
4384
4322
4385
4323
4386
4324
4387
4325
4388
4326
4389
4327
4390
4391
4329
4392
4330
4393
4331
4394
4332
4395
4333
4396
4334
4397
4335
4398
4336
4399
4337
4400
4338
4401
4339
4402
4340
4403
4341
4404
4342
4405
4343
4406
4344
4407
4345
4408
4346
4409
4347
4410
4348
4411
4349
4412
4350
4413
4351
4414
4352
4415
4353
4416
4354
4417
4355
4418
4356
4419
4357
4420
4358
4421
4359
4422
4360
4423
4361
4424
4362
4425
4363
4426
4364
4427
4365
4428
4366
4429
4367
4430
4368
4431
4369
4432
4370
4433
4371
4434
4372
4435
4373
4436
4374
4437
4375
4438
4376
4439
4377
4440
4378
4441
4379
4442
4380
4443
4381
4444
4382
4445
4383
4446
4384
4447
4385
4448
4386
4449
4387
4450
4388
4451
4389
4452
4390
4453
4391
4454
4455
4393
4456
4394
4457
4395
4458
4396
4459
4397
4460
4398
4461
4399
4462
4400
4463
4401
4464
4402
4465
4403
4466
4404
4467
4405
4468
4406
4469
4407
4470
4408
4471
4409
4472
4410
4473
4411
4474
4412
4475
4413
4476
4414
4477
4415
4478
4416
4479
4417
4480
4418
4481
4419
4482
4420
4483
4421
4484
4422
4485
4423
4486
4424
4487
4425
4488
4426
4489
4427
4490
4428
4491
4429
4492
4430
4493
4431
4494
4432
4495
4433
4496
4434
4497
4435
4498
4436
4499
4437
4500
4438
4501
4439
4502
4440
4503
4441
4504
4442
4505
4443
4506
4444
4507
4445
4508
4446
4509
4447
4510
4448
4511
4449
4512
4450
4513
4451
4514
4452
4515
4453
4516
4454
4517
4455
4518
4519
4457
4458
4459
4460
4461
4462
4463
4464
4465
4466
4467
4468
4469
4470
4471
4472
4473
4474
4475
4476
4477
4478
4479
4480
4481
4482
4483
4484
4485
4486
4487
4488
4489
4490
4491
4492
4493
4494
4495
4496
4497
4498
4499
4500
4501
4502
4503
4504
4505
4506
4507
4508
4509
4510
4511
4512
4513
4514
4515
4516
4517
4518
4519
)


// ************************************************************************* //
