/*--------------------------------*- C++ -*----------------------------------*\
| =========                 |                                                 |
| \\      /  F ield         | OpenFOAM: The Open Source CFD Toolbox           |
|  \\    /   O peration     | Version:  v1912                                 |
|   \\  /    A nd           | Website:  www.openfoam.com                      |
|    \\/     M anipulation  |                                                 |
\*---------------------------------------------------------------------------*/
FoamFile
{
    version     2.0;
    format      ascii;
    class       volScalarField;
    location    "60000";
    object      p;
}
// * * * * * * * * * * * * * * * * * * * * * * * * * * * * * * * * * * * * * //

dimensions      [0 2 -2 0 0 0 0];


internalField   nonuniform List<scalar> 
4520
(
100936.54
100915.93
100889.41
100858.2
100812.87
100743.29
100639.49
100487.36
100265.23
99942.794
99481.062
98834.221
97956.205
96814.336
95409.107
93792.776
92074.978
90404.244
88927.703
87746.228
86888.905
86319.974
85967.316
85756.362
100936.55
100915.95
100889.42
100858.21
100812.87
100743.27
100639.47
100487.35
100265.33
99943.159
99481.924
98835.896
97959.023
96818.485
95414.465
93798.77
92080.708
90408.754
88930.427
87747.122
86888.443
86318.772
85965.967
85755.215
100936.55
100915.99
100889.48
100858.29
100812.97
100743.37
100639.6
100487.59
100265.79
99944.026
99483.483
98838.458
97962.818
96823.469
95420.122
93804.057
92084.319
90409.591
88928.121
87742.173
86881.998
86312.104
85960.108
85750.719
100936.55
100916.1
100889.69
100858.59
100813.33
100743.81
100640.16
100488.38
100267
99945.939
99486.484
98842.959
97969.079
96831.332
95428.699
93811.684
92088.878
90409.264
88922.19
87731.438
86868.427
86298.119
85947.761
85741.215
100936.54
100916.38
100890.26
100859.4
100814.34
100745.04
100641.72
100490.46
100269.88
99950.042
99492.301
98850.934
97979.303
96843.136
95440.244
93819.959
92090.315
90401
88903.43
87704.103
86836.576
86266.53
85920.43
85720.349
100936.55
100917.02
100891.63
100861.33
100816.75
100747.98
100645.39
100495.18
100276.1
99958.305
99503.214
98864.875
97995.964
96860.936
95455.836
93828.357
92085.96
90379.74
88864.647
87651.633
86777.709
86209.594
85872.21
85684.342
100936.58
100918.4
100894.53
100865.39
100821.77
100754.07
100652.91
100504.63
100288.1
99973.62
99522.511
98888.301
98022.444
96887.357
95476.466
93835.26
92070.714
90336.499
88793.335
87559.224
86676.532
86113.457
85792.087
85625.51
100936.74
100920.98
100899.89
100872.79
100830.79
100764.92
100666.18
100521.06
100308.56
99999.066
99553.644
98924.866
98062.231
96925.101
95503.24
93839.336
92040.118
90263.467
88678.882
87414.779
86521.328
85968.726
85674.315
85541.695
100937.14
100925.17
100908.34
100884.29
100844.57
100781.28
100686.03
100545.44
100338.59
100035.94
99598.102
98976.215
98117.034
96975.731
95537.193
93840.695
91992.935
90157.778
88516.81
87212.689
86306.403
85771.281
85517.728
85434.338
100937.92
100930.89
100919.59
100899.26
100862.1
100801.83
100710.85
100575.82
100375.9
100081.65
99653.081
99039.506
98184.404
97037.756
95578.482
93841.587
91933.693
90025.969
88314.967
86960.97
86039.143
85528.457
85331.081
85312.848
100938.98
100937.42
100932.2
100915.64
100880.73
100823.39
100736.86
100607.66
100415.13
100129.94
99711.515
99107.236
98257.207
97105.638
95624.913
93844.973
91871.764
89883.707
88093.89
86682.213
85740.821
85258.695
85131.5
85192.227
100940.06
100943.66
100944.37
100930.99
100897.61
100842.75
100760.2
100636.3
100450.65
100174.07
99765.469
99170.532
98326.368
97171.417
95671.775
93851.93
91816.246
89749.006
87879.36
86406.376
85440.595
84986.279
84939.334
85088.591
100940.94
100948.78
100954.79
100943.61
100911.07
100858.14
100778.75
100659.14
100479.21
100209.93
99809.823
99223.246
98385.029
97228.396
95714.101
93861.291
91772.079
89634.668
87692.132
86159.828
85165.834
84734.111
84771.573
85013.263
100941.53
100952.48
100962.95
100952.99
100920.86
100869.35
100792.26
100675.85
100500.28
100236.63
99843.224
99263.413
98430.505
97273.394
95748.75
93870.94
91739.654
89545.191
87541.701
85956.988
84933.644
84517.211
84636.74
84968.197
100941.88
100954.94
100968.89
100959.47
100927.57
100877.07
100801.54
100687.39
100514.95
100255.39
99866.922
99292.207
98463.602
97306.661
95775.142
93879.479
91717.125
89479.21
87428.065
85800.454
84749.596
84341.514
84535.111
84947.221
100942.09
100956.49
100973.01
100963.73
100932
100882.17
100807.69
100695.06
100524.77
100268.05
99883.049
99311.988
98486.613
97330.107
95794.129
93886.246
91701.804
89432.405
87345.708
85685.063
84610.757
84206.004
84462.25
84941.86
100942.2
100957.46
100975.75
100966.46
100934.86
100885.47
100811.67
100700.06
100531.2
100276.38
99893.732
99325.201
98502.121
97346.106
95807.238
93891.203
91691.406
89399.814
87287.455
85602.224
84509.371
84105.123
84410.962
84943.497
100942.26
100958.05
100977.54
100968.19
100936.66
100887.54
100814.17
100703.23
100535.33
100281.79
99900.742
99333.96
98512.518
97356.992
95816.378
93895.038
91685.028
89378.245
87248.369
85545.844
84439.68
84035.239
84376.881
84947.781
100942.29
100958.39
100978.61
100969.19
100937.69
100888.77
100815.7
100705.22
100537.97
100285.31
99905.359
99339.787
98519.574
97364.509
95823.06
93898.401
91682.09
89365.351
87224.288
85510.213
84395.402
83990.499
84355.686
84951.522
100942.31
100958.56
100979.13
100969.66
100938.24
100889.47
100816.63
100706.47
100539.66
100287.58
99908.413
99343.688
98524.433
97369.809
95828.15
93901.562
91681.629
89358.681
87210.72
85489.187
84368.849
83963.158
84342.939
84949.494
100942.33
100958.62
100979.31
100969.85
100938.53
100889.88
100817.18
100707.23
100540.72
100289.05
99910.438
99346.333
98527.817
97373.644
95832.087
93904.54
91682.578
89355.941
87203.711
85477.479
84353.535
83947.033
84335.549
84942.521
100942.35
100958.65
100979.35
100969.92
100938.67
100890.09
100817.49
100707.69
100541.38
100290
99911.774
99348.143
98530.189
97376.477
95835.164
93907.27
91684.23
89355.487
87200.628
85471.466
84345.162
83937.943
84331.413
84934.447
100942.33
100958.65
100979.35
100969.95
100938.73
100890.2
100817.66
100707.95
100541.78
100290.6
99912.65
99349.373
98531.844
97378.555
95837.556
93909.667
91686.172
89356.306
87199.899
85468.943
84341.128
83933.319
84329.294
84927.542
100942.3
100958.65
100979.35
100969.95
100938.76
100890.25
100817.75
100708.1
100542.02
100290.97
99913.194
99350.153
98532.912
97379.934
95839.204
93911.444
91687.826
89357.47
87200.303
85468.427
84339.816
83931.654
84328.575
84922.715
84498.741
84498.266
84498.121
84497.92
84497.562
84496.812
84495.01
84491.281
84495.481
84495.106
84491.777
84486.037
84476.506
84459.914
84438.744
84498.738
84498.267
84498.121
84497.92
84497.562
84496.811
84495.01
84491.286
84495.474
84495.113
84491.804
84486.107
84476.706
84460.541
84435.086
84498.734
84498.268
84498.121
84497.92
84497.561
84496.811
84495.016
84491.303
84495.463
84495.124
84491.841
84486.203
84476.972
84461.207
84435.284
84498.729
84498.27
84498.121
84497.92
84497.562
84496.813
84495.033
84491.347
84495.447
84495.138
84491.89
84486.326
84477.314
84462.201
84438.148
84498.723
84498.275
84498.122
84497.921
84497.562
84496.818
84495.066
84491.435
84495.422
84495.156
84491.956
84486.491
84477.783
84463.537
84443.039
84498.714
84498.282
84498.124
84497.922
84497.564
84496.825
84495.123
84491.585
84495.387
84495.18
84492.047
84486.716
84478.416
84465.287
84449.054
84498.703
84498.291
84498.126
84497.924
84497.567
84496.837
84495.212
84491.815
84495.341
84495.211
84492.172
84487.021
84479.252
84467.538
84455.408
84498.688
84498.304
84498.131
84497.928
84497.573
84496.857
84495.337
84492.133
84495.287
84495.251
84492.344
84487.436
84480.326
84470.304
84461.38
84498.67
84498.32
84498.137
84497.933
84497.583
84496.886
84495.499
84492.542
84495.231
84495.301
84492.577
84487.99
84481.658
84473.462
84466.792
84498.647
84498.34
84498.148
84497.942
84497.599
84496.931
84495.704
84493.05
84495.189
84495.36
84492.884
84488.713
84483.254
84476.834
84471.773
84498.621
84498.364
84498.165
84497.957
84497.625
84496.999
84495.953
84493.667
84495.184
84495.429
84493.272
84489.622
84485.103
84480.273
84476.466
84498.594
84498.391
84498.193
84497.983
84497.67
84497.102
84496.246
84494.382
84495.252
84495.514
84493.747
84490.715
84487.172
84483.708
84480.992
84498.573
84498.422
84498.235
84498.028
84497.741
84497.254
84496.583
84495.169
84495.442
84495.639
84494.301
84491.96
84489.373
84487.052
84485.279
84498.569
84498.464
84498.299
84498.105
84497.855
84497.465
84496.962
84495.982
84495.802
84495.849
84494.922
84493.279
84491.553
84490.124
84489.08
84498.596
84498.527
84498.396
84498.229
84498.026
84497.742
84497.385
84496.771
84496.349
84496.209
84495.606
84494.576
84493.533
84492.724
84492.161
84498.676
84498.635
84498.543
84498.417
84498.271
84498.086
84497.855
84497.501
84497.043
84496.766
84496.368
84495.784
84495.211
84494.783
84494.497
84498.836
84498.818
84498.764
84498.687
84498.598
84498.494
84498.364
84498.168
84497.803
84497.495
84497.215
84496.899
84496.606
84496.392
84496.251
84499.105
84499.104
84499.083
84499.048
84499.007
84498.961
84498.904
84498.799
84498.556
84498.307
84498.109
84497.937
84497.792
84497.689
84497.621
84499.498
84499.507
84499.509
84499.502
84499.492
84499.482
84499.469
84499.419
84499.277
84499.117
84498.993
84498.9
84498.83
84498.781
84498.75
84500.004
84500.017
84500.029
84500.036
84500.042
84500.049
84500.059
84500.043
84499.971
84499.885
84499.821
84499.777
84499.747
84499.726
84499.713
84500.585
84500.597
84500.611
84500.622
84500.633
84500.646
84500.664
84500.668
84500.639
84500.604
84500.58
84500.566
84500.557
84500.551
84500.547
84501.174
84501.183
84501.194
84501.205
84501.215
84501.228
84501.246
84501.258
84501.255
84501.25
84501.249
84501.251
84501.253
84501.255
84501.256
84501.706
84501.712
84501.72
84501.728
84501.737
84501.748
84501.763
84501.78
84501.792
84501.805
84501.817
84501.828
84501.837
84501.842
84501.845
84502.028
84502.031
84502.035
84502.04
84502.046
84502.054
84502.065
84502.081
84502.097
84502.114
84502.129
84502.142
84502.151
84502.157
84502.161
85618.073
85506.617
85397.882
85264.561
85067.482
84778.871
84428.197
84124.9
84002.111
84094.048
84297.884
84489.01
84613.049
84673.973
84693.909
84694.981
84688.915
84680.054
84670.444
84660.371
84649.154
84636.769
84623.557
84611.31
84602.077
84597.941
84599.29
84604.994
84612.931
84621.092
84627.288
84631.124
84633.372
84633.178
84629.109
84624.091
84616.866
84609.687
84605.767
84603.125
84601.728
84599.496
84599.131
84594.261
84597.948
84580.244
84595.557
84586.549
84584.816
84581.651
84578.443
84575.042
84570.502
84564.827
84558.344
84551.157
84543.573
84535.784
84528.563
84521.86
84517.036
84511.943
84512.899
84504.442
85617.346
85506.332
85398.052
85265.067
85068.012
84778.993
84427.591
84123.916
84001.184
84093.701
84297.934
84489.199
84613.207
84674.016
84694.015
84694.987
84688.917
84680.058
84670.449
84660.375
84649.156
84636.77
84623.555
84611.306
84602.07
84597.934
84599.285
84604.99
84612.93
84621.094
84627.291
84631.124
84633.379
84632.905
84628.961
84621.379
84611.574
84605.137
84601.478
84599.062
84597.864
84595.695
84595.252
84590.316
84593.814
84576.022
84591.239
84582.352
84580.634
84577.534
84574.372
84571.036
84566.587
84561.071
84554.823
84547.941
84540.734
84533.377
84526.611
84520.351
84515.92
84511.172
84512.304
84504.187
85614.463
85505.124
85398.473
85266.704
85069.767
84779.293
84425.542
84120.429
83998.2
84092.415
84298.012
84489.795
84613.72
84674.272
84694.266
84695.059
84688.906
84680.052
84670.448
84660.376
84649.156
84636.768
84623.548
84611.295
84602.054
84597.919
84599.273
84604.984
84612.929
84621.098
84627.296
84631.118
84633.342
84632.184
84628.133
84619.196
84609.649
84604.363
84601.299
84599.268
84598.314
84596.238
84595.788
84590.849
84594.251
84576.42
84591.677
84582.836
84581.108
84578.024
84574.854
84571.51
84567.053
84561.523
84555.258
84548.347
84541.102
84533.699
84526.88
84520.567
84516.084
84511.291
84512.391
84504.241
85608.425
85502.848
85399.895
85270.884
85074.106
84780.062
84420.791
84112.289
83991.441
84089.714
84298.412
84491.191
84614.887
84674.947
84694.692
84695.196
84688.916
84680.068
84670.468
84660.394
84649.17
84636.777
84623.544
84611.28
84602.03
84597.895
84599.253
84604.975
84612.928
84621.113
84627.299
84631.139
84632.987
84631.101
84625.423
84616.108
84607.945
84603.294
84600.675
84599.014
84598.318
84596.357
84595.935
84591.018
84594.353
84576.388
84591.788
84582.981
84581.242
84578.182
84575.009
84571.669
84567.214
84561.685
84555.422
84548.506
84541.251
84533.833
84526.996
84520.662
84516.158
84511.346
84512.43
84504.272
85595.06
85497.453
85402.247
85279.043
85082.636
84781.342
84410.916
84095.735
83977.868
84084.269
84299.017
84493.761
84617.116
84676.274
84695.406
84695.46
84688.945
84680.076
84670.476
84660.401
84649.173
84636.776
84623.522
84611.24
84601.972
84597.84
84599.213
84604.949
84612.923
84621.122
84627.397
84631.155
84631.852
84628.255
84621.473
84613.219
84606.151
84601.888
84599.645
84598.361
84597.953
84596.151
84595.78
84590.924
84594.219
84576.006
84591.661
84582.877
84581.123
84578.094
84574.919
84571.593
84567.144
84561.627
84555.383
84548.481
84541.238
84533.83
84527
84520.671
84516.168
84511.356
84512.434
84504.287
85572.586
85489.14
85407.857
85295.179
85099.109
84784.077
84393.158
84066.162
83954.035
84075.134
84300.45
84498.474
84621.173
84678.714
84696.628
84695.937
84689.066
84680.136
84670.524
84660.445
84649.203
84636.792
84623.506
84611.204
84601.906
84597.76
84599.155
84604.95
84612.914
84621.31
84627.724
84629.968
84628.681
84624.163
84617.947
84610.615
84604.176
84600.223
84598.343
84597.459
84597.375
84595.778
84595.482
84590.745
84594.034
84575.444
84591.483
84582.711
84580.939
84577.951
84574.778
84571.468
84567.025
84561.531
84555.31
84548.427
84541.202
84533.808
84526.99
84520.669
84516.17
84511.361
84512.434
84504.3
85536.21
85475.754
85417.763
85323.058
85127.133
84788.265
84363.08
84017.408
83915.674
84060.908
84302.871
84505.896
84627.475
84682.428
84698.383
84696.585
84689.209
84680.167
84670.546
84660.486
84649.238
84636.792
84623.429
84611.094
84601.806
84597.689
84599.027
84605.046
84613.676
84621.131
84625.495
84626.2
84624.621
84620.603
84614.883
84608.057
84602.014
84598.305
84596.776
84596.301
84596.568
84595.213
84595.03
84590.478
84593.806
84574.7
84591.257
84582.489
84580.701
84577.766
84574.603
84571.308
84566.878
84561.417
84555.224
84548.365
84541.161
84533.785
84526.98
84520.667
84516.173
84511.367
84512.435
84504.313
85485.745
85458.501
85436.36
85369.94
85172.943
84795.227
84317.097
83944.783
83860.543
84041.836
84307.377
84517.006
84636.638
84687.745
84700.847
84697.523
84689.5
84680.257
84670.572
84660.526
84649.322
84636.915
84623.436
84610.927
84601.582
84597.852
84599.968
84605.473
84612.12
84617.188
84620.831
84622.323
84621.083
84617.348
84611.926
84605.468
84599.707
84596.179
84594.958
84594.862
84595.488
84594.41
84594.381
84590.08
84593.497
84573.756
84590.943
84582.178
84580.38
84577.517
84574.374
84571.093
84566.688
84561.27
84555.114
84548.285
84541.107
84533.753
84526.964
84520.662
84516.174
84511.371
84512.436
84504.325
85421.994
85437.524
85467.204
85442.203
85241.218
84804.76
84251.596
83845.438
83788.531
84018.936
84314.511
84531.787
84648.401
84694.386
84703.778
84698.516
84689.816
84680.454
84670.703
84660.525
84649.19
84636.916
84623.879
84611.776
84602.653
84597.808
84597.895
84601.229
84607.004
84612.813
84617.032
84618.724
84617.644
84614.147
84608.995
84602.851
84597.322
84593.913
84592.919
84593.155
84594.126
84593.341
84593.505
84589.513
84593.065
84572.628
84590.504
84581.751
84579.953
84577.179
84574.068
84570.808
84566.444
84561.079
84554.969
84548.18
84541.036
84533.71
84526.941
84520.653
84516.172
84511.374
84512.435
84504.336
85348.744
85413.277
85513.961
85544.718
85334.552
84816.508
84166.231
83722.04
83704.032
83995.14
84325.12
84549.946
84662.108
84701.953
84707.208
84699.622
84689.9
84680.456
84671.19
84661.651
84650.698
84638.032
84624.24
84610.496
84599.559
84593.281
84592.846
84596.866
84603.063
84609.031
84613.317
84615.092
84614.221
84610.976
84606.08
84600.215
84594.891
84591.554
84590.718
84591.223
84592.492
84591.996
84592.384
84588.744
84592.462
84571.355
84589.898
84581.179
84579.397
84576.733
84573.67
84570.444
84566.133
84560.835
84554.785
84548.046
84540.945
84533.653
84526.908
84520.638
84516.166
84511.374
84512.433
84504.346
85268.912
85384.522
85576.866
85675.358
85449.159
84828.467
84064.096
83582.164
83613.73
83972.997
84338.729
84570.364
84676.813
84709.361
84710.568
84701.818
84691.932
84682.245
84672.14
84661.223
84648.858
84634.919
84620.579
84606.839
84595.874
84589.773
84589.18
84593.185
84599.288
84605.24
84609.595
84611.51
84610.848
84607.836
84603.181
84597.566
84592.42
84589.148
84588.423
84589.106
84590.602
84590.393
84591.012
84587.745
84591.65
84569.979
84589.086
84580.44
84578.692
84576.157
84573.164
84569.986
84565.743
84560.53
84554.554
84547.879
84540.831
84533.58
84526.866
84520.616
84516.157
84511.372
84512.429
84504.354
85182.645
85350.813
85651.993
85824.203
85575.656
84838.45
83952.565
83437.935
83526.174
83955.097
84354.362
84590.925
84692.403
84719.13
84715.633
84703.307
84690.395
84678.923
84668.497
84657.82
84645.88
84632.074
84617.598
84603.886
84592.872
84586.631
84585.74
84589.557
84595.566
84601.549
84605.985
84608.026
84607.529
84604.713
84600.281
84594.901
84589.926
84586.726
84586.064
84586.832
84588.492
84588.561
84589.394
84586.493
84590.6
84568.544
84588.032
84579.517
84577.822
84575.434
84572.534
84569.42
84565.264
84560.153
84554.27
84547.673
84540.691
84533.491
84526.814
84520.588
84516.144
84511.367
84512.424
84504.361
85088.723
85315.294
85731.332
85976.283
85701.437
84843.872
83839.276
83299.274
83447.349
83943.387
84373.459
84613.284
84706.18
84722.367
84712.26
84698.679
84686.748
84675.904
84665.725
84654.91
84643.031
84629.199
84614.596
84600.834
84589.73
84583.391
84582.381
84586.109
84592.067
84598.052
84602.517
84604.632
84604.252
84601.601
84597.373
84592.218
84587.42
84584.292
84583.638
84584.438
84586.216
84586.52
84587.539
84584.975
84589.28
84567.094
84586.715
84578.397
84576.777
84574.549
84571.767
84568.736
84564.685
84559.697
84553.926
84547.425
84540.521
84533.382
84526.749
84520.553
84516.126
84511.36
84512.417
84504.366
84988.384
85283.94
85806.275
86118.403
85816.392
84847.212
83736.834
83177.436
83381.621
83937.209
84388.976
84623.769
84706.384
84718.669
84708.337
84694.959
84683.431
84672.738
84662.629
84651.676
84639.715
84625.852
84611.256
84597.588
84586.556
84580.273
84579.263
84582.935
84588.819
84594.741
84599.169
84601.306
84601.005
84598.492
84594.449
84589.514
84584.894
84581.828
84581.161
84581.967
84583.808
84584.288
84585.467
84583.198
84587.672
84565.657
84585.129
84577.073
84575.553
84573.493
84570.852
84567.923
84563.998
84559.153
84553.515
84547.129
84540.32
84533.253
84526.671
84520.509
84516.103
84511.349
84512.408
84504.369
84886.865
85260.4
85870.265
86241.558
85914.143
84849.497
83655.496
83081.924
83329.82
83929.632
84393.357
84623.909
84702.693
84713.913
84703.918
84690.874
84679.573
84668.943
84658.882
84647.955
84636.03
84622.246
84607.8
84594.351
84583.519
84577.382
84576.414
84580.019
84585.782
84591.579
84595.914
84598.026
84597.775
84595.381
84591.509
84586.784
84582.338
84579.336
84578.649
84579.435
84581.289
84581.897
84583.206
84581.181
84585.778
84564.242
84583.283
84575.548
84574.155
84572.266
84569.786
84566.978
84563.196
84558.517
84553.034
84546.781
84540.083
84533.101
84526.579
84520.457
84516.075
84511.335
84512.398
84504.369
84792.729
85244.915
85918.716
86336.237
85982.688
84849.919
83602.547
83018.143
83293.242
83921.334
84392.136
84620.127
84697.562
84708.401
84698.737
84686.144
84675.192
84664.727
84654.759
84643.945
84632.152
84618.548
84604.358
84591.212
84580.658
84574.713
84573.798
84577.31
84582.905
84588.526
84592.725
84594.776
84594.552
84592.264
84588.55
84584.023
84579.748
84576.82
84576.107
84576.851
84578.683
84579.38
84580.788
84578.959
84583.623
84562.847
84581.204
84573.837
84572.593
84570.874
84568.57
84565.899
84562.28
84557.785
84552.479
84546.38
84539.809
84532.925
84526.472
84520.396
84516.041
84511.318
84512.385
84504.368
84711.902
85231.98
85941.84
86387.611
86019.616
84850.704
83573.402
82982.579
83273.849
83917.307
84390.611
84615.734
84691.692
84702.283
84693.029
84680.958
84670.438
84660.222
84650.398
84639.75
84628.151
84614.804
84600.95
84588.174
84577.954
84572.225
84571.363
84574.757
84580.144
84585.55
84589.582
84591.548
84591.332
84589.137
84585.575
84581.238
84577.13
84574.285
84573.545
84574.233
84576.019
84576.77
84578.249
84576.57
84581.245
84561.465
84578.928
84571.961
84570.887
84569.329
84567.213
84564.692
84561.251
84556.959
84551.848
84545.922
84539.496
84532.723
84526.349
84520.325
84516.002
84511.297
84512.37
84504.365
84647.496
85212.644
85932.634
86399.318
86030.983
84848.925
83562.341
82973.134
83273.904
83921.132
84390.769
84611.363
84685.265
84695.615
84686.864
84675.407
84665.377
84655.474
84645.85
84635.416
84624.061
84611.036
84597.583
84585.229
84575.381
84569.882
84569.065
84572.32
84577.471
84582.629
84586.47
84588.335
84588.113
84586
84582.587
84578.437
84574.498
84571.739
84570.979
84571.603
84573.328
84574.104
84575.627
84574.057
84578.689
84560.083
84576.501
84569.95
84569.058
84567.652
84565.727
84563.368
84560.118
84556.044
84551.145
84545.409
84539.143
84532.495
84526.209
84520.245
84515.957
84511.272
84512.352
84504.36
84599.025
85184.562
85899.337
86382.642
86020.005
84842.8
83567.167
82989.143
83294.08
83933.995
84393.098
84606.865
84678.157
84688.315
84680.217
84669.501
84660.037
84650.509
84641.135
84630.962
84619.897
84607.252
84594.253
84582.361
84572.915
84567.654
84566.873
84569.97
84574.861
84579.751
84583.382
84585.134
84584.899
84582.867
84579.6
84575.638
84571.867
84569.202
84568.427
84568.987
84570.638
84571.415
84572.959
84571.466
84576.009
84558.692
84573.971
84567.837
84567.134
84565.867
84564.133
84561.941
84558.891
84555.045
84550.371
84544.842
84538.751
84532.241
84526.053
84520.153
84515.905
84511.243
84512.332
84504.352
84563.659
85152.312
85853.295
86341.572
85988.048
84832.145
83587.002
83030.121
83334.163
83955.781
84397.49
84602.083
84670.313
84680.386
84673.11
84663.267
84654.448
84645.359
84636.286
84626.417
84615.685
84603.467
84590.967
84579.569
84570.542
84565.524
84564.77
84567.69
84572.305
84576.91
84580.321
84581.954
84581.703
84579.749
84576.628
84572.854
84569.256
84566.692
84565.912
84566.407
84567.978
84568.737
84570.282
84568.84
84573.258
84557.281
84571.384
84565.657
84565.144
84564.001
84562.453
84560.429
84557.585
84553.973
84549.535
84544.223
84538.321
84531.96
84525.88
84520.051
84515.846
84511.21
84512.309
84504.343
84537.929
85120.239
85796.311
86274.997
85934.561
84816.842
83621.425
83095.641
83393.489
83985.883
84403.626
84596.849
84661.681
84671.819
84665.557
84656.731
84648.64
84640.05
84631.325
84621.798
84611.437
84599.69
84587.725
84576.847
84568.256
84563.48
84562.746
84565.477
84569.801
84574.113
84577.296
84578.806
84578.538
84576.663
84573.69
84570.106
84566.686
84564.231
84563.455
84563.891
84565.375
84566.102
84567.63
84566.221
84570.484
84555.847
84568.785
84563.447
84563.116
84562.083
84560.711
84558.854
84556.217
84552.842
84548.642
84543.557
84537.854
84531.653
84525.689
84519.938
84515.781
84511.173
84512.283
84504.333
84519.002
85088.265
85723.545
86179.082
85857.824
84796.711
83670.265
83185.004
83471
84023.565
84411.255
84591.168
84652.335
84662.681
84657.612
84649.925
84642.639
84634.609
84626.277
84617.128
84607.172
84595.932
84584.535
84574.202
84566.06
84561.527
84560.805
84563.336
84567.358
84571.367
84574.317
84575.702
84575.415
84573.622
84570.8
84567.411
84564.175
84561.838
84561.078
84561.458
84562.854
84563.536
84565.033
84563.643
84567.735
84554.389
84566.215
84561.24
84561.078
84560.141
84558.932
84557.237
84554.804
84551.663
84547.704
84542.85
84537.354
84531.321
84525.48
84519.814
84515.709
84511.131
84512.254
84504.321
84493.834
85054.637
85627.244
86047.811
85755.206
84771.882
83734.054
83297.806
83565.601
84067.992
84420.033
84584.921
84642.218
84652.949
84649.264
84642.86
84636.459
84629.046
84621.152
84612.415
84602.899
84592.2
84581.404
84571.638
84563.957
84559.67
84558.954
84561.275
84564.985
84568.685
84571.397
84572.654
84572.35
84570.641
84567.975
84564.786
84561.743
84559.536
84558.801
84559.13
84560.435
84561.063
84562.516
84561.139
84565.051
84552.913
84563.706
84559.067
84559.056
84558.203
84557.143
84555.6
84553.365
84550.451
84546.729
84542.107
84536.823
84530.965
84525.255
84519.678
84515.629
84511.085
84512.222
84504.308
84387.704
85017.567
85501.106
85876.799
85625.199
84742.751
83812.631
83432.423
83675.448
84118.273
84429.767
84578.145
84631.409
84642.677
84640.553
84635.552
84630.116
84623.378
84615.966
84607.676
84598.63
84588.509
84578.343
84569.166
84561.961
84557.921
84557.206
84559.308
84562.696
84566.078
84568.548
84569.673
84569.353
84567.733
84565.229
84562.248
84559.407
84557.34
84556.641
84556.924
84558.136
84558.702
84560.099
84558.731
84562.463
84551.425
84561.285
84556.953
84557.073
84556.293
84555.363
84553.964
84551.917
84549.221
84545.728
84541.336
84536.264
84530.586
84525.013
84519.531
84515.543
84511.035
84512.186
84504.294
84123.624
84977.182
85355.741
85680.255
85477.394
84711.382
83901.076
83580.86
83794.762
84172.107
84439.991
84570.889
84619.994
84631.932
84631.515
84628.037
84623.633
84617.62
84610.728
84602.916
84594.37
84584.857
84575.351
84566.786
84560.07
84556.284
84555.565
84557.44
84560.497
84563.555
84565.776
84566.769
84566.434
84564.907
84562.573
84559.807
84557.18
84555.265
84554.612
84554.853
84555.968
84556.465
84557.795
84556.438
84559.996
84549.932
84558.973
84554.92
84555.147
84554.43
84553.615
84552.346
84550.475
84547.984
84544.711
84540.542
84535.683
84530.186
84524.754
84519.372
84515.448
84510.979
84512.146
84504.28
84042.013
84938.185
85214.94
85485.229
85327.416
84678.934
83989.93
83730.421
83915.256
84226.721
84450.467
84563.493
84608.3
84620.906
84622.258
84620.357
84617.034
84611.785
84605.445
84598.137
84590.117
84581.24
84572.423
84564.492
84558.284
84554.759
84554.036
84555.676
84558.393
84561.117
84563.084
84563.941
84563.592
84562.164
84560.008
84557.469
84555.068
84553.32
84552.723
84552.927
84553.941
84554.362
84555.614
84554.273
84557.668
84548.44
84556.782
84552.984
84553.295
84552.632
84551.913
84550.762
84549.053
84546.752
84543.686
84539.732
84535.081
84529.767
84524.479
84519.201
84515.346
84510.919
84512.103
84504.266
84082.289
84906.33
85096.051
85311.973
85187.284
84646.426
84072.145
83870.969
84030.081
84279.578
84460.757
84556.091
84596.474
84609.695
84612.825
84612.542
84610.331
84605.875
84600.113
84593.332
84585.864
84577.653
84569.555
84562.284
84556.602
84553.348
84552.62
84554.017
84556.383
84558.764
84560.47
84561.188
84560.827
84559.505
84557.538
84555.24
84553.081
84551.515
84550.985
84551.152
84552.061
84552.398
84553.561
84552.244
84555.491
84546.957
84554.72
84551.157
84551.529
84550.913
84550.27
84549.222
84547.661
84545.533
84542.659
84538.911
84534.461
84529.328
84524.186
84519.016
84515.234
84510.852
84512.054
84504.25
84128.643
84877.96
84998.537
85164.315
85061.49
84614.798
84144.286
83996.241
84134.195
84328.684
84470.666
84549.056
84584.962
84598.63
84603.448
84604.74
84603.635
84599.977
84594.803
84588.56
84581.654
84574.123
84566.76
84560.163
84555.02
84552.044
84551.313
84552.465
84554.473
84556.505
84557.947
84558.524
84558.152
84556.941
84555.173
84553.125
84551.221
84549.849
84549.394
84549.527
84550.325
84550.573
84551.637
84550.36
84553.462
84545.507
84552.782
84549.448
84549.854
84549.279
84548.697
84547.737
84546.307
84544.337
84541.638
84538.081
84533.825
84528.869
84523.875
84518.817
84515.112
84510.781
84511.999
84504.236
84174.199
84848.636
84917.792
85040.233
84950.695
84584.277
84204.633
84102.274
84223.707
84372.087
84479.781
84542.621
84574.074
84587.963
84594.283
84597.054
84597.003
84594.119
84589.52
84583.804
84577.451
84570.588
84563.946
84558.012
84553.4
84550.702
84549.974
84550.892
84552.558
84554.255
84555.442
84555.885
84555.507
84554.408
84552.837
84551.037
84549.384
84548.204
84547.825
84547.93
84548.619
84548.785
84549.743
84548.53
84551.46
84544.052
84550.851
84547.767
84548.18
84547.648
84547.117
84546.241
84544.935
84543.114
84540.587
84537.222
84533.163
84528.391
84523.553
84518.614
84514.99
84510.713
84511.943
84504.232
84221.351
84813.432
84849.828
84936.517
84854.049
84554.787
84252.827
84187.929
84296.824
84408.755
84487.944
84537.037
84564.156
84577.961
84585.515
84589.587
84590.505
84588.345
84584.29
84579.075
84573.248
84567.017
84561.055
84555.75
84551.644
84549.216
84548.503
84549.212
84550.567
84551.959
84552.914
84553.238
84552.859
84551.87
84550.486
84548.921
84547.503
84546.502
84546.196
84546.278
84546.871
84546.97
84547.822
84546.688
84549.44
84542.535
84548.884
84546.05
84546.453
84545.967
84545.487
84544.692
84543.506
84541.833
84539.479
84536.309
84532.453
84527.876
84523.202
84518.392
84514.856
84510.636
84511.88
84504.229
84267.562
84768.571
84790.195
84847.297
84767.594
84525.976
84292.156
84257.976
84356.537
84439.587
84495.17
84532.148
84555.063
84568.539
84577.09
84582.322
84584.132
84582.655
84579.117
84574.381
84569.055
84563.423
84558.106
84553.397
84549.773
84547.608
84546.919
84547.446
84548.521
84549.637
84550.383
84550.603
84550.229
84549.348
84548.143
84546.799
84545.601
84544.768
84544.529
84544.596
84545.101
84545.145
84545.896
84544.852
84547.427
84540.97
84546.906
84544.318
84544.694
84544.257
84543.823
84543.105
84542.034
84540.503
84538.319
84535.345
84531.697
84527.319
84522.819
84518.146
84514.706
84510.551
84511.809
84504.225
84315.108
84714.059
84735.595
84767.968
84688.468
84498.274
84326.125
84317.32
84405.874
84465.465
84501.424
84527.75
84546.657
84559.604
84568.944
84575.195
84577.833
84577.006
84573.969
84569.695
84564.853
84559.795
84555.089
84550.949
84547.785
84545.875
84545.217
84545.582
84546.406
84547.273
84547.834
84547.963
84547.601
84546.826
84545.793
84544.658
84543.667
84542.99
84542.816
84542.87
84543.296
84543.297
84543.948
84543.008
84545.403
84539.353
84544.899
84542.56
84542.894
84542.507
84542.116
84541.472
84540.51
84539.117
84537.101
84534.324
84530.888
84526.719
84522.402
84517.877
84514.541
84510.456
84511.728
84504.223
84374.99
84657.618
84685.866
84698.708
84617.853
84472.331
84354.554
84366.294
84445.128
84486.293
84506.588
84523.845
84538.984
84551.204
84561.099
84568.218
84571.606
84571.391
84568.832
84565.001
84560.623
84556.107
84551.977
84548.372
84545.643
84543.979
84543.363
84543.592
84544.198
84544.849
84545.248
84545.304
84544.962
84544.291
84543.421
84542.482
84541.681
84541.148
84541.033
84541.08
84541.435
84541.405
84541.958
84541.139
84543.343
84537.679
84542.843
84540.76
84541.037
84540.703
84540.351
84539.78
84538.923
84537.665
84535.817
84533.239
84530.022
84526.07
84521.947
84517.58
84514.357
84510.352
84511.637
84504.223
84386.53
84606.174
84642.215
84642.016
84559.241
84448.876
84374.515
84401.746
84472.442
84501.349
84510.536
84520.569
84532.214
84543.437
84553.589
84561.361
84565.392
84565.74
84563.633
84560.226
84556.287
84552.277
84548.68
84545.574
84543.254
84541.83
84541.273
84541.401
84541.834
84542.308
84542.58
84542.584
84542.27
84541.702
84540.985
84540.225
84539.597
84539.192
84539.129
84539.174
84539.47
84539.425
84539.885
84539.204
84541.2
84535.924
84540.693
84538.884
84539.088
84538.809
84538.497
84537.997
84537.244
84536.122
84534.444
84532.073
84529.084
84525.363
84521.448
84517.253
84514.153
84510.236
84511.535
84504.225
84383.839
84563.181
84604.011
84597.627
84514.438
84429.547
84385.847
84422.514
84487.033
84510.128
84512.945
84517.769
84526.258
84536.224
84546.322
84554.529
84559.084
84559.946
84558.276
84555.276
84551.754
84548.213
84545.102
84542.457
84540.518
84539.332
84538.857
84538.93
84539.242
84539.59
84539.774
84539.752
84539.479
84539.014
84538.438
84537.84
84537.363
84537.071
84537.054
84537.104
84537.352
84537.31
84537.682
84537.158
84538.928
84534.058
84538.408
84536.891
84537.009
84536.79
84536.518
84536.091
84535.442
84534.459
84532.959
84530.805
84528.058
84524.584
84520.895
84516.889
84513.925
84510.107
84511.418
84504.23
84386.082
84530.022
84569.227
84561.385
84482.058
84416.22
84392.465
84431.793
84490.798
84512.931
84513.563
84515.028
84520.791
84529.287
84539.057
84547.515
84552.51
84553.859
84552.636
84550.053
84546.942
84543.842
84541.175
84538.955
84537.373
84536.423
84536.056
84536.12
84536.369
84536.644
84536.782
84536.763
84536.547
84536.185
84535.741
84535.289
84534.944
84534.749
84534.77
84534.832
84535.044
84535.022
84535.316
84534.963
84536.492
84532.055
84535.959
84534.748
84534.774
84534.616
84534.388
84534.036
84533.494
84532.654
84531.341
84529.416
84526.928
84523.722
84520.278
84516.48
84513.667
84509.961
84511.285
84504.237
84395.157
84505.368
84537.1
84529.97
84460.897
84410.603
84398.896
84434.115
84486.614
84510.26
84512.141
84511.913
84515.439
84522.296
84531.449
84540.012
84545.42
84547.28
84546.551
84544.431
84541.752
84539.085
84536.834
84535.012
84533.766
84533.052
84532.818
84532.92
84533.16
84533.415
84533.552
84533.565
84533.423
84533.169
84532.85
84532.53
84532.3
84532.189
84532.246
84532.324
84532.514
84532.525
84532.753
84532.578
84533.857
84529.888
84533.317
84532.422
84532.358
84532.259
84532.079
84531.804
84531.373
84530.683
84529.567
84527.887
84525.677
84522.762
84519.587
84516.02
84513.374
84509.795
84511.132
84504.246
84411.529
84487.834
84508.777
84502.548
84449.816
84412.709
84407.189
84433.781
84477.895
84503.025
84508.409
84508.227
84510.061
84515.163
84523.273
84531.727
84537.532
84539.986
84539.856
84538.282
84536.098
84533.886
84532.038
84530.596
84529.669
84529.19
84529.109
84529.29
84529.573
84529.856
84530.033
84530.111
84530.061
84529.92
84529.723
84529.525
84529.399
84529.362
84529.45
84529.552
84529.73
84529.784
84529.963
84529.963
84530.996
84527.526
84530.463
84529.879
84529.74
84529.694
84529.568
84529.373
84529.056
84528.524
84527.616
84526.197
84524.288
84521.689
84518.81
84515.499
84513.041
84509.607
84510.956
84504.258
84432.071
84475.771
84487.093
84480.539
84445.64
84418.929
84415.83
84433.67
84468.001
84492.849
84502.294
84503.884
84504.826
84508.164
84514.658
84522.558
84528.651
84531.775
84532.397
84531.51
84529.923
84528.216
84526.785
84525.718
84525.093
84524.844
84524.932
84525.222
84525.59
84525.943
84526.196
84526.365
84526.426
84526.405
84526.328
84526.246
84526.215
84526.246
84526.367
84526.497
84526.675
84526.776
84526.927
84527.084
84527.891
84524.939
84527.388
84527.089
84526.903
84526.903
84526.835
84526.723
84526.524
84526.157
84525.468
84524.327
84522.742
84520.487
84517.934
84514.909
84512.66
84509.392
84510.754
84504.273
84449.671
84468.791
84474.847
84466.57
84445.049
84425.193
84421.918
84434.475
84459.436
84482.135
84494.503
84498.708
84499.991
84501.875
84506.3
84512.895
84518.891
84522.628
84524.132
84524.099
84523.243
84522.119
84521.145
84520.461
84520.123
84520.093
84520.352
84520.767
84521.242
84521.69
84522.046
84522.326
84522.509
84522.614
84522.657
84522.687
84522.745
84522.841
84522.997
84523.159
84523.347
84523.495
84523.641
84523.924
84524.543
84522.109
84524.099
84524.036
84523.844
84523.879
84523.876
84523.847
84523.768
84523.57
84523.109
84522.262
84521.022
84519.142
84516.945
84514.238
84512.224
84509.147
84510.521
84504.291
84461.021
84467.315
84470.122
84462.072
84448.015
84433.949
84428.867
84437.293
84454.34
84473.357
84486.464
84492.921
84495.53
84496.827
84499.222
84503.786
84508.966
84512.988
84515.336
84516.226
84516.204
84515.76
84515.299
84515.007
84514.942
84515.11
84515.523
84516.06
84516.64
84517.187
84517.656
84518.051
84518.357
84518.583
84518.743
84518.88
84519.023
84519.183
84519.376
84519.573
84519.78
84519.966
84520.129
84520.497
84520.977
84519.039
84520.624
84520.734
84520.578
84520.643
84520.705
84520.76
84520.799
84520.77
84520.54
84519.996
84519.12
84517.64
84515.832
84513.478
84511.725
84508.867
84510.252
84504.312
84468.286
84469.443
84469.609
84464.303
84455.237
84446.745
84442.64
84446.336
84455.591
84468.641
84480.182
84487.556
84491.332
84492.884
84494.05
84496.542
84500.245
84503.978
84506.797
84508.415
84509.201
84509.492
84509.581
84509.665
84509.847
84510.186
84510.716
84511.346
84512.005
84512.625
84513.186
84513.683
84514.091
84514.419
84514.69
84514.924
84515.144
84515.362
84515.592
84515.822
84516.05
84516.268
84516.459
84516.871
84517.259
84515.777
84517.024
84517.241
84517.155
84517.249
84517.373
84517.508
84517.658
84517.79
84517.782
84517.541
84517.036
84515.978
84514.586
84512.618
84511.155
84508.547
84509.943
84504.338
84473.842
84473.373
84472.465
84469.444
84464.934
84460.786
84458.727
84460.096
84464.24
84470.088
84477.464
84483.785
84487.748
84489.691
84490.607
84491.842
84494.056
84496.892
84499.543
84501.535
84502.945
84503.89
84504.464
84504.843
84505.23
84505.717
84506.32
84506.99
84507.672
84508.312
84508.911
84509.465
84509.936
84510.335
84510.69
84511.001
84511.282
84511.549
84511.809
84512.061
84512.309
84512.546
84512.763
84513.182
84513.516
84512.435
84513.411
84513.679
84513.676
84513.802
84513.981
84514.189
84514.433
84514.705
84514.897
84514.94
84514.798
84514.165
84513.207
84511.656
84510.508
84508.184
84509.588
84504.368
84479.043
84478.377
84477.599
84476.061
84474.118
84472.466
84471.739
84472.406
84474.565
84477.049
84479.706
84482.82
84485.514
84487.266
84488.178
84488.953
84490.263
84492.167
84494.315
84496.344
84498.031
84499.321
84500.234
84500.883
84501.466
84502.091
84502.748
84503.397
84504.014
84504.603
84505.172
84505.712
84506.201
84506.635
84507.032
84507.383
84507.696
84507.988
84508.261
84508.52
84508.772
84509.013
84509.243
84509.637
84509.933
84509.193
84509.951
84510.229
84510.302
84510.461
84510.683
84510.947
84511.263
84511.639
84511.989
84512.275
84512.458
84512.233
84511.708
84510.594
84509.779
84507.775
84509.183
84504.404
84484.008
84483.552
84483.143
84482.458
84481.699
84481.133
84480.941
84481.24
84482.079
84483.489
84484.865
84485.742
84486.404
84486.926
84487.126
84487.215
84487.699
84488.843
84490.527
84492.42
84494.171
84495.632
84496.826
84497.794
84498.607
84499.342
84500.02
84500.631
84501.186
84501.716
84502.228
84502.718
84503.194
84503.639
84504.034
84504.375
84504.674
84504.949
84505.206
84505.45
84505.686
84505.911
84506.132
84506.477
84506.735
84506.266
84506.842
84507.105
84507.234
84507.423
84507.672
84507.966
84508.321
84508.755
84509.208
84509.67
84510.105
84510.241
84510.122
84509.445
84508.973
84507.32
84508.723
84504.445
84488.357
84488.118
84487.954
84487.681
84487.394
84487.203
84487.155
84487.267
84487.545
84487.926
84488.392
84488.903
84489.254
84489.297
84489.059
84488.674
84488.334
84488.288
84488.731
84489.643
84490.861
84492.217
84493.575
84494.827
84495.916
84496.838
84497.621
84498.311
84498.935
84499.503
84500.019
84500.492
84500.938
84501.35
84501.713
84502.027
84502.302
84502.549
84502.78
84502.999
84503.209
84503.409
84503.61
84503.896
84504.12
84503.869
84504.303
84504.542
84504.701
84504.899
84505.141
84505.43
84505.785
84506.227
84506.732
84507.289
84507.869
84508.283
84508.506
84508.24
84508.098
84506.825
84508.207
84504.492
84491.788
84491.68
84491.624
84491.518
84491.402
84491.324
84491.295
84491.314
84491.377
84491.48
84491.591
84491.664
84491.677
84491.636
84491.537
84491.399
84491.272
84491.194
84491.136
84491.091
84491.158
84491.446
84491.953
84492.602
84493.322
84494.078
84494.85
84495.624
84496.378
84497.087
84497.738
84498.326
84498.85
84499.313
84499.723
84500.087
84500.406
84500.686
84500.932
84501.152
84501.351
84501.532
84501.706
84501.925
84502.101
84501.995
84502.296
84502.494
84502.66
84502.86
84503.099
84503.382
84503.725
84504.146
84504.667
84505.261
84505.9
84506.479
84506.94
84507.035
84507.181
84506.3
84507.638
84504.547
84494.316
84494.271
84494.254
84494.211
84494.159
84494.12
84494.096
84494.083
84494.081
84494.087
84494.096
84494.104
84494.101
84494.075
84494.02
84493.938
84493.844
84493.761
84493.729
84493.777
84493.893
84494.018
84494.103
84494.145
84494.182
84494.26
84494.402
84494.614
84494.887
84495.205
84495.556
84495.928
84496.314
84496.71
84497.111
84497.51
84497.899
84498.273
84498.625
84498.954
84499.258
84499.535
84499.79
84500.045
84500.256
84500.309
84500.54
84500.718
84500.883
84501.073
84501.298
84501.565
84501.894
84502.306
84502.833
84503.463
84504.165
84504.86
84505.506
84505.889
84506.255
84505.768
84507.029
84504.608
84496.165
84496.15
84496.15
84496.136
84496.114
84496.097
84496.085
84496.076
84496.068
84496.063
84496.059
84496.054
84496.047
84496.037
84496.025
84496.013
84496.003
84495.996
84495.993
84495.99
84495.988
84496.003
84496.049
84496.133
84496.247
84496.372
84496.488
84496.58
84496.642
84496.676
84496.691
84496.699
84496.71
84496.732
84496.768
84496.82
84496.888
84496.97
84497.064
84497.168
84497.28
84497.399
84497.524
84497.658
84497.79
84497.896
84498.061
84498.233
84498.428
84498.664
84498.951
84499.298
84499.719
84500.23
84500.849
84501.582
84502.402
84503.255
84504.105
84504.774
84505.345
84505.244
84506.398
84504.671
84497.582
84497.581
84497.588
84497.588
84497.584
84497.581
84497.582
84497.583
84497.585
84497.588
84497.593
84497.599
84497.606
84497.615
84497.624
84497.635
84497.648
84497.665
84497.685
84497.712
84497.745
84497.783
84497.822
84497.857
84497.888
84497.918
84497.954
84498.001
84498.061
84498.135
84498.222
84498.316
84498.414
84498.509
84498.598
84498.677
84498.746
84498.805
84498.852
84498.89
84498.919
84498.941
84498.956
84498.968
84498.978
84498.988
84499.006
84499.028
84499.055
84499.092
84499.149
84499.238
84499.38
84499.601
84499.934
84500.4
84501.006
84501.764
84502.674
84503.585
84504.389
84504.706
84505.745
84504.715
84498.733
84498.738
84498.747
84498.753
84498.757
84498.762
84498.77
84498.778
84498.787
84498.798
84498.809
84498.823
84498.838
84498.855
84498.873
84498.894
84498.917
84498.943
84498.971
84499.002
84499.035
84499.072
84499.111
84499.153
84499.199
84499.247
84499.296
84499.343
84499.388
84499.428
84499.464
84499.497
84499.528
84499.558
84499.59
84499.623
84499.659
84499.697
84499.737
84499.779
84499.821
84499.863
84499.905
84499.945
84499.983
84500.021
84500.063
84500.109
84500.164
84500.229
84500.308
84500.405
84500.523
84500.663
84500.826
84501.009
84501.228
84501.551
84502.065
84502.722
84503.495
84504.103
84505.051
84504.713
84499.707
84499.714
84499.723
84499.731
84499.738
84499.746
84499.756
84499.767
84499.779
84499.792
84499.806
84499.823
84499.84
84499.86
84499.881
84499.905
84499.93
84499.957
84499.987
84500.019
84500.052
84500.088
84500.126
84500.166
84500.207
84500.249
84500.292
84500.336
84500.381
84500.428
84500.474
84500.521
84500.567
84500.613
84500.656
84500.697
84500.736
84500.771
84500.804
84500.834
84500.862
84500.887
84500.909
84500.93
84500.949
84500.968
84500.988
84501.011
84501.037
84501.069
84501.109
84501.16
84501.228
84501.319
84501.444
84501.616
84501.851
84502.154
84502.5
84502.839
84503.289
84503.739
84504.48
84504.653
84500.546
84500.553
84500.561
84500.568
84500.575
84500.583
84500.593
84500.603
84500.614
84500.627
84500.641
84500.656
84500.672
84500.69
84500.709
84500.73
84500.753
84500.777
84500.803
84500.831
84500.86
84500.891
84500.923
84500.956
84500.991
84501.026
84501.062
84501.099
84501.135
84501.172
84501.208
84501.243
84501.278
84501.312
84501.345
84501.377
84501.408
84501.437
84501.466
84501.493
84501.518
84501.543
84501.565
84501.586
84501.606
84501.626
84501.646
84501.669
84501.696
84501.728
84501.768
84501.818
84501.881
84501.962
84502.063
84502.19
84502.346
84502.539
84502.783
84503.098
84503.504
84503.86
84504.365
84504.654
84501.257
84501.262
84501.269
84501.275
84501.281
84501.288
84501.296
84501.305
84501.314
84501.325
84501.336
84501.349
84501.363
84501.377
84501.394
84501.411
84501.43
84501.45
84501.471
84501.494
84501.518
84501.543
84501.57
84501.597
84501.626
84501.655
84501.684
84501.714
84501.744
84501.774
84501.804
84501.834
84501.862
84501.891
84501.918
84501.944
84501.969
84501.993
84502.015
84502.036
84502.056
84502.075
84502.093
84502.109
84502.124
84502.138
84502.154
84502.171
84502.191
84502.215
84502.244
84502.282
84502.329
84502.39
84502.467
84502.568
84502.697
84502.862
84503.071
84503.325
84503.623
84503.956
84504.411
84504.735
84501.847
84501.852
84501.856
84501.861
84501.866
84501.871
84501.878
84501.885
84501.892
84501.9
84501.909
84501.919
84501.93
84501.942
84501.954
84501.968
84501.983
84501.999
84502.015
84502.033
84502.052
84502.072
84502.092
84502.114
84502.136
84502.158
84502.181
84502.205
84502.228
84502.252
84502.275
84502.298
84502.32
84502.342
84502.363
84502.384
84502.403
84502.422
84502.44
84502.456
84502.472
84502.487
84502.501
84502.513
84502.525
84502.537
84502.549
84502.562
84502.578
84502.597
84502.62
84502.65
84502.687
84502.735
84502.797
84502.877
84502.979
84503.11
84503.276
84503.484
84503.744
84504.054
84504.43
84504.775
84502.163
84502.166
84502.169
84502.173
84502.177
84502.181
84502.186
84502.192
84502.198
84502.204
84502.212
84502.22
84502.228
84502.237
84502.248
84502.259
84502.27
84502.283
84502.297
84502.311
84502.326
84502.342
84502.359
84502.376
84502.394
84502.413
84502.432
84502.451
84502.47
84502.49
84502.509
84502.528
84502.547
84502.565
84502.583
84502.6
84502.616
84502.632
84502.647
84502.661
84502.674
84502.686
84502.698
84502.709
84502.719
84502.729
84502.739
84502.75
84502.764
84502.78
84502.8
84502.825
84502.857
84502.899
84502.952
84503.022
84503.111
84503.227
84503.377
84503.568
84503.807
84504.099
84504.447
84504.827
)
;

boundaryField
{
    axis
    {
        type            empty;
    }
    inlet
    {
        type            totalPressure;
        rho             none;
        psi             none;
        gamma           1;
        p0              uniform 101130;
        value           nonuniform List<scalar> 
24
(
100930.69
100930.73
100930.78
100930.84
100930.95
100931.18
100931.64
100932.54
100934.08
100936.32
100938.96
100941.49
100943.51
100944.88
100945.71
100946.22
100946.53
100946.3
100946.31
100958.14
101000.11
101061.61
101108.53
101127.87
)
;
    }
    wedge1
    {
        type            wedge;
    }
    wedge2
    {
        type            wedge;
    }
    wall1
    {
        type            zeroGradient;
    }
    inflow1
    {
        type            zeroGradient;
    }
    wall2
    {
        type            zeroGradient;
    }
    inflow2
    {
        type            zeroGradient;
    }
    outlet
    {
        type            fixedValue;
        value           uniform 84505;
    }
    wall3
    {
        type            zeroGradient;
    }
}


// ************************************************************************* //
