/*--------------------------------*- C++ -*----------------------------------*\
| =========                 |                                                 |
| \\      /  F ield         | OpenFOAM: The Open Source CFD Toolbox           |
|  \\    /   O peration     | Version:  v1912                                 |
|   \\  /    A nd           | Website:  www.openfoam.com                      |
|    \\/     M anipulation  |                                                 |
\*---------------------------------------------------------------------------*/
FoamFile
{
    version     2.0;
    format      ascii;
    class       volScalarField;
    location    "29500";
    object      timeScale;
}
// * * * * * * * * * * * * * * * * * * * * * * * * * * * * * * * * * * * * * //

dimensions      [0 0 1 0 0 0 0];


internalField   nonuniform List<scalar> 
4520
(
0.00168974567781432
0.00208695204295857
0.00246954503352058
0.00285089065031168
0.00317174407387373
0.00347077122292784
0.00365344616753387
0.00378712949570095
0.00377042297204398
0.00370626114743747
0.00357809837682358
0.00337470638999811
0.00317465641812653
0.00294662412861142
0.00275941305606574
0.00258255507906898
0.00246026125740636
0.00236273280821502
0.00231304138670828
0.00228296193115549
0.00228134210790435
0.00228513763710763
0.00229021041633410
0.00229763815067498
0.00168920202370051
0.00208784740295804
0.00246826461476078
0.00285578321059691
0.00317359460623731
0.00349638288351913
0.00367974037577060
0.00386509324904647
0.00386351235454856
0.00381389239442808
0.00368729548461686
0.00347696817512601
0.00323457675606814
0.00297537511714498
0.00274206363288805
0.00255106442704027
0.00240639217461286
0.00231674876911543
0.00226243782376857
0.00224636934485784
0.00224984459929630
0.00225716686707826
0.00226864139286269
0.00228282689320929
0.00168883766846901
0.00208667800429773
0.00246798692713248
0.00285428825898971
0.00317476762756628
0.00349561729640667
0.00368363477032368
0.00386796549698965
0.00386902104025487
0.00382199403694784
0.00369639273173270
0.00349112722161590
0.00327167277095372
0.00300865504610962
0.00279512572559368
0.00260050907097482
0.00246645191911085
0.00236793873093033
0.00231735415218349
0.00228902748950338
0.00229162660903354
0.00229535337431154
0.00230416419982847
0.00231314746920467
0.00168849289407981
0.00208572331153294
0.00246817036391923
0.00285307653019731
0.00317610038832623
0.00349501848025972
0.00368585470656352
0.00386897725547823
0.00387293805794441
0.00382641979249004
0.00370227598267559
0.00349926685285496
0.00327698933578208
0.00301441337232357
0.00279652969792750
0.00260064973488691
0.00246214642533998
0.00236354173902797
0.00230968183564532
0.00228357231054578
0.00228389604866319
0.00228979829143953
0.00229777024237813
0.00230686856574131
0.00168815913550937
0.00208525179104674
0.00246876834001710
0.00285353543395317
0.00317848055762856
0.00349668679135796
0.00368962348554561
0.00387216009244550
0.00387790379569068
0.00383175045829364
0.00370727306621185
0.00350452142490225
0.00328421837303947
0.00301820316357311
0.00280192137387216
0.00260308061262732
0.00246515709370117
0.00236416880884002
0.00231074857129766
0.00228295681827815
0.00228351064313940
0.00228756312298822
0.00229575009296468
0.00230415191977756
0.00168793078831551
0.00208543671784093
0.00247073975181068
0.00285660023368590
0.00318420154075043
0.00350295937714692
0.00369838468684708
0.00388105294596466
0.00388840025307109
0.00384237873859993
0.00371736539326048
0.00351401995216955
0.00329518784343519
0.00302178125005826
0.00280811759288957
0.00260057091009338
0.00246479212669085
0.00235681157680553
0.00230427692438767
0.00227230872378903
0.00227123692319159
0.00227658903518546
0.00228317064052973
0.00229070962965880
0.00168788483911473
0.00208670982545997
0.00247517859347932
0.00286405470491126
0.00319584430814232
0.00351709363251336
0.00371582708501217
0.00389991916676542
0.00390860172626522
0.00386159223943840
0.00373769982789836
0.00353564360276893
0.00330677388761953
0.00303161985572764
0.00281136885628331
0.00259828585262142
0.00245952224055944
0.00234474539204656
0.00229278199189962
0.00225425116377745
0.00225337801250135
0.00225636110106297
0.00226314435315305
0.00227016418512976
0.00168809675961302
0.00208959920551098
0.00248334189775870
0.00287811498204625
0.00321642413204417
0.00354308966226671
0.00374627045196277
0.00393372471612698
0.00394302872363939
0.00389470046355309
0.00376824609724918
0.00356359605457033
0.00332323694071900
0.00304387809013781
0.00281165697913066
0.00259411362517558
0.00244566174322920
0.00232795227397998
0.00226924613054334
0.00222962162290974
0.00222496288700718
0.00222779040611908
0.00223396856296440
0.00224037991896667
0.00168862266199090
0.00209442896347276
0.00249600871981645
0.00290013482871825
0.00324777214035985
0.00358335331859063
0.00379226678530091
0.00398539786886508
0.00399426131694958
0.00394374248194511
0.00381261996194250
0.00360194269915012
0.00334703092350655
0.00305861692523602
0.00281158839342347
0.00258590546691421
0.00242587368756625
0.00230297698534458
0.00223649846286020
0.00219490318414846
0.00218582306591583
0.00218842096618895
0.00219408072345511
0.00219915140860783
0.00168944343044894
0.00210091791120422
0.00251258612177880
0.00292904091993771
0.00328847722152561
0.00363596209393166
0.00385174981643138
0.00405253157270613
0.00406004862257390
0.00400646780123024
0.00386926921762324
0.00364975029667634
0.00337608154798039
0.00307592027012879
0.00281045913152726
0.00257451493229474
0.00240070135625871
0.00227142505957829
0.00219597665586341
0.00215185663923077
0.00213776671261176
0.00214012410806556
0.00214442385432992
0.00215087773674699
0.00169041553426153
0.00210811865565248
0.00253094588802764
0.00296107853258483
0.00333349877487753
0.00369424115127745
0.00391754622924913
0.00412688463369116
0.00413292489950990
0.00407573174210245
0.00393261534395214
0.00370328881191381
0.00340705139779275
0.00309518523168518
0.00280855788708550
0.00256216806808421
0.00237303941322785
0.00223717090874764
0.00215184705416539
0.00210493236001935
0.00208514789419173
0.00208722286008796
0.00209078010403199
0.00209688451503942
0.00169135392221846
0.00211483520478696
0.00254838000044016
0.00299151493882388
0.00337647489065877
0.00374982745637688
0.00398057969110391
0.00419804172855997
0.00420326910179111
0.00414206229885369
0.00399603353711106
0.00375716134677793
0.00343558014949961
0.00311577852241146
0.00280625105330879
0.00255166873381178
0.00234652393043181
0.00220529928478263
0.00210960036300315
0.00206032432661318
0.00203408956328640
0.00203458725495195
0.00203816492353631
0.00204499291154332
0.00169210622311202
0.00212025552937994
0.00256290078049735
0.00301693504596771
0.00341267100651261
0.00379664493903718
0.00403397696161872
0.00425829103743178
0.00426357686274682
0.00419961162243692
0.00404412036643241
0.00380987044242201
0.00345596675857638
0.00313717904866219
0.00280243295234510
0.00254533597815122
0.00232262235826007
0.00217960693966710
0.00207188871216093
0.00202240198908575
0.00198815427463229
0.00198583121738549
0.00198951059981007
0.00199682368052692
0.00169265855594789
0.00212411402593296
0.00257382123388722
0.00303604560015406
0.00344045350461727
0.00383229918548198
0.00407533813528796
0.00430462338936059
0.00431123085985947
0.00424580707763387
0.00408666764444277
0.00384575140306087
0.00347822912391923
0.00315601209921621
0.00280515617214684
0.00254155730853880
0.00230903947414508
0.00215912436055184
0.00204675057070928
0.00199100230617996
0.00195444486486508
0.00194759777078115
0.00195139402203086
0.00195856871167289
0.00169305177814541
0.00212675271805909
0.00258156070596536
0.00304994219032825
0.00346079704966221
0.00385882526361324
0.00410644842371616
0.00433999347429901
0.00434779862021133
0.00428282435820378
0.00412655480022271
0.00386994775853032
0.00350809158162141
0.00316399367102549
0.00281583919458709
0.00253604229008768
0.00230370462334259
0.00214264775566615
0.00202928621217109
0.00196601938388161
0.00192838585462871
0.00191488996569279
0.00191942140346999
0.00192323259766013
0.00169396582371777
0.00212814946089005
0.00258494657910625
0.00305480557024001
0.00347405000678204
0.00385954116940917
0.00410403130006777
0.00429372424669818
0.00426762988097311
0.00428538600065872
0.00388277183424421
0.00396898156762492
0.00322918216573194
0.00325795917716553
0.00261565232297338
0.00257586941298239
0.00217785790639701
0.00214134916042186
0.00194957641679915
0.00191787025203458
0.00187140191985813
0.00180784751752056
0.00168130136949428
0.00132375163773891
0.00170379290180556
0.00211257678308199
0.00248890500902885
0.00286489294097055
0.00306089275773490
0.00301637762137619
0.00289039501013998
0.00273111456875678
0.00255319292784146
0.00264891697334238
0.00210445199576536
0.00231716785049266
0.00167757050588944
0.00192243973781982
0.00132101536702170
0.00156659838537942
0.00103563998631257
0.00126730992327521
0.000786323438687385
0.000807995072458211
0.000636740548563953
0.000472783745112374
0.000370955144059466
0.000246029437924148
0.00174706095211765
0.00172746111947116
0.00152121284304144
0.00128188625398708
0.00116332270949809
0.00111078498463962
0.00106672776883327
0.00100423835786221
0.000922421799247551
0.000924939554968848
0.000681807065263895
0.000708872797051072
0.000482900894616403
0.000523799651682660
0.000338251630427825
0.000365080044128247
0.000236096514149003
0.000231217084745076
0.000171641309847083
0.000151560682410884
0.000126303020264926
0.000106752912771907
9.15236346744429e-05
7.91679173218406e-05
0.00124125761779040
0.000664076436525997
0.000472213507521941
0.000458453348397010
0.000498404440420726
0.000506937395163129
0.000482276676949915
0.000435838550756624
0.000380712071142081
0.000339148599050733
0.000265549946290930
0.000225904373142699
0.000177254332970205
0.000152870867345917
0.000119570572476364
0.000101650564251609
8.28106099901577e-05
7.07652197748000e-05
6.25832686034586e-05
5.57792862727957e-05
5.19182050485107e-05
4.76748687607405e-05
4.42099601211570e-05
4.43570061396617e-05
0.000429344235929123
0.000196758221769552
0.000196437734477165
0.000243215659103601
0.000262352140891327
0.000248694247639630
0.000221990384344428
0.000191858732174590
0.000162224864703043
0.000136881136904938
0.000112717301090811
9.09204741524548e-05
7.62064368666135e-05
6.17474853259417e-05
5.18964849047293e-05
4.28725432258880e-05
3.73408960895729e-05
3.27695077371102e-05
3.03927045303417e-05
2.84118536389953e-05
2.75351224460874e-05
2.64665053564925e-05
2.64188433330016e-05
2.70963202270438e-05
0.000118441147076073
9.31489245444342e-05
0.000112463646154496
0.000127357967010652
0.000121911254772797
0.000108814494160263
9.46507817288516e-05
8.10698272744096e-05
6.83432888318742e-05
5.80172961511390e-05
4.85799443441924e-05
3.99559597420531e-05
3.37595230044074e-05
2.79235653161149e-05
2.38222809813076e-05
2.03130483697842e-05
1.81345437343356e-05
1.65628794405579e-05
1.57212416585096e-05
1.52329716672455e-05
1.51427259004191e-05
1.51917718969183e-05
1.57204464696718e-05
1.58585089621176e-05
4.24945594852909e-05
4.74702737466852e-05
5.35741323430862e-05
5.29918849976047e-05
4.90802703355033e-05
4.40302309275977e-05
3.85335744594875e-05
3.30198282252402e-05
2.78386183822868e-05
2.36085191908105e-05
1.96899532537276e-05
1.64989649176371e-05
1.39253220571200e-05
1.18631983842200e-05
1.02979203813196e-05
9.12040264899541e-06
8.37329046610533e-06
7.90446717879868e-06
7.67380614569043e-06
7.64624658524362e-06
7.77297672097630e-06
8.03735899488453e-06
8.52886175346234e-06
8.75086671865557e-06
1.12052226556739e-05
1.23167087448546e-05
1.31124695708261e-05
1.32661759179193e-05
1.29427473622891e-05
1.22745065137762e-05
1.13553580495419e-05
1.02746032592953e-05
9.11780113357245e-06
7.96019349224411e-06
6.82666275198518e-06
5.84280570454856e-06
4.95145656354040e-06
4.27689832131442e-06
3.75824930554975e-06
3.43140967889081e-06
3.22332455409318e-06
3.12882982459161e-06
3.10975544432271e-06
3.17018574720628e-06
3.28856637523819e-06
3.47876578065564e-06
3.74818554554449e-06
3.93618404929038e-06
1.49592195519058e-06
1.60859327255569e-06
1.70952692567391e-06
1.75085881375674e-06
1.73419544836715e-06
1.67219795470023e-06
1.57862956619451e-06
1.46630433230876e-06
1.34623039825099e-06
1.22754838403131e-06
1.11763483505411e-06
1.02188153917964e-06
9.43378106435616e-07
8.84006204379865e-07
8.43706899496698e-07
8.21989771734674e-07
8.15830305991026e-07
8.26689929059919e-07
8.50512147796966e-07
8.89604273061114e-07
9.40511535571491e-07
1.00753290033196e-06
1.08512327673200e-06
1.14984748359736e-06
9.60839469302226e-05
9.75515097822801e-05
9.87906522546121e-05
9.99780728090715e-05
0.000101132756656151
0.000102356083508234
0.000103590464133138
8.48500599741436e-05
8.42583531308866e-05
8.80099789938662e-05
9.10866792954704e-05
9.31659904446165e-05
9.36996777096516e-05
9.30934586736213e-05
8.54851768916983e-05
0.000471237640679574
0.000539265111508054
0.000578967556105575
0.000594629269195098
0.000600762546699000
0.000601865754950791
0.000565862918372588
0.000503101854358976
0.000542422159030041
0.000560261641290064
0.000540987519050064
0.000506288979948000
0.000465688833743880
0.000460683080786408
0.000692930261897774
0.00124711656828370
0.00126402066414914
0.00141291244491431
0.00151022827394855
0.00154755291183997
0.00156293516022199
0.00139393720672520
0.00125933284963366
0.00151360024002552
0.00171921304666357
0.00165913073724070
0.00161451417763668
0.00170283617565043
0.00188243872014407
0.00314273076646964
0.00233084935882588
0.00215413968951368
0.00216756448271323
0.00230823658100027
0.00251137200097324
0.00274407416703416
0.00279881683376933
0.00218516084540692
0.00255454784773877
0.00344229395047165
0.00387791638265292
0.00429201872164832
0.00468098313527906
0.00608450000274411
0.00525600952813612
0.00321562387778746
0.00385855926258920
0.00363409360970150
0.00365931402894419
0.00392182003918502
0.00482413891050103
0.00576266068221270
0.00361269956091755
0.00384878360156469
0.00515656217424547
0.00659909444718340
0.00791160615613151
0.00874928184800931
0.00973460403013580
0.00694595258439933
0.00343001630039786
0.00627419919415440
0.00741372835220049
0.00779891228414395
0.00812708696482056
0.0108508163041979
0.0170738628436416
0.00641910897876014
0.00567004771044636
0.00677504048527068
0.00883749918463023
0.0109307816341794
0.0118044454507498
0.0136050329707974
0.00924359983084582
0.00343571846509401
0.00706124763080137
0.0108228435898121
0.0142772392553042
0.0165858672047799
0.0216316803763822
0.0448739980988054
0.0134136841450633
0.00904300116156446
0.00960046042272114
0.0111800272587400
0.0137591068019350
0.0152053539924707
0.0182446151520106
0.0146365288185063
0.00343330771776778
0.00711908539799980
0.0112656641949180
0.0154280559719318
0.0196788208239605
0.0236521075456411
0.0300727862170286
0.0253735182978577
0.0173276754660848
0.0170144861505230
0.0182779033250401
0.0215411446504148
0.0243308430569480
0.0259901535731405
0.0228416277793664
0.00343195806125285
0.00712452025617951
0.0112858161087656
0.0155013627294480
0.0197829486488522
0.0240505987656309
0.0295685890229464
0.0311033128885037
0.0300992884928521
0.0306681835395591
0.0324173969633542
0.0355074324743528
0.0350370575570738
0.0340951098021589
0.0301833861044564
0.00343093637105146
0.00712997119684146
0.0112953649445100
0.0155371447537310
0.0197875075366411
0.0241967411470911
0.0294133154796861
0.0325665248697377
0.0367155920288247
0.0396991367573569
0.0434952153044909
0.0432653780913151
0.0420407415060224
0.0390356986382545
0.0357447637424104
0.00343016189859928
0.00713730467668392
0.0113128696937637
0.0155655351805191
0.0198381595012623
0.0242673264020850
0.0296406749307358
0.0333269328958707
0.0386509056003809
0.0427592214301761
0.0467443585016692
0.0465457894855705
0.0452086018243940
0.0432312998138326
0.0400476093990057
0.00342952379361082
0.00714594076942645
0.0113331525015520
0.0156011616200591
0.0198982880302941
0.0243506662300884
0.0299393316568745
0.0339991828500397
0.0397433228366051
0.0439156421443785
0.0483104117096863
0.0487231710548192
0.0479646528136403
0.0465076250065082
0.0444431644813074
0.00342892782937063
0.00715451348063446
0.0113536400770343
0.0156456638149128
0.0199540526410537
0.0244897092148009
0.0301568149855728
0.0348647033696743
0.0403495186671621
0.0454252705195236
0.0490586628674853
0.0509236288459014
0.0506633111747716
0.0499707159112081
0.0487522412319399
0.00342829906882118
0.00716163028239791
0.0113745071610883
0.0156899336238299
0.0200236383455870
0.0246392853590136
0.0303974905047739
0.0356976940635438
0.0412507273328243
0.0465012447197430
0.0504823540975787
0.0526449554763976
0.0535393209450519
0.0534258669348645
0.0530151643091565
0.00342757008845273
0.00716671149086369
0.0113927975754523
0.0157370268286376
0.0200955074358984
0.0248181633972385
0.0306087968794576
0.0365527436443689
0.0420626629783600
0.0479313318867562
0.0515031797882940
0.0548614891410597
0.0557162160503475
0.0567851151358243
0.0567452306655040
0.00342672643206530
0.00716974100859271
0.0114095001166211
0.0157810549316129
0.0201793115055416
0.0249887378881930
0.0308598471496341
0.0372516862199278
0.0430678194939999
0.0490804437749676
0.0530070785811759
0.0566042050584688
0.0580494013757070
0.0594578580182977
0.0598624202348964
0.00342577967653672
0.00717144163840993
0.0114236687424490
0.0158220512377447
0.0202633895351411
0.0251461632684406
0.0311171993778726
0.0377825985350901
0.0440298226493274
0.0501660148947514
0.0545402666752884
0.0582466192613742
0.0601678385466329
0.0617318040291287
0.0624147843147902
0.00342474888825031
0.00717217165267433
0.0114345494633031
0.0158552335490806
0.0203331944454154
0.0252709236336089
0.0313198226508778
0.0381529641840995
0.0447815997350577
0.0510814418858721
0.0558679608122234
0.0596740560095438
0.0619370195893786
0.0635781446669056
0.0644361749634943
0.00342365668918272
0.00717187861070470
0.0114408890165692
0.0158766078421358
0.0203795998835656
0.0253512071309376
0.0314475219838541
0.0383778755784208
0.0452719357513726
0.0517120304506912
0.0568206386651150
0.0607123701739578
0.0632129656063185
0.0649003605208537
0.0658723241665605
0.00342257087951772
0.00717064467143120
0.0114428714215173
0.0158863254364665
0.0204030919310703
0.0253889922398596
0.0315020492744596
0.0384814751217764
0.0455239166610957
0.0520541781135106
0.0573561219529955
0.0613132363259834
0.0639543842540315
0.0656776466884789
0.0667174880460108
0.00342162336285801
0.00716912620388538
0.0114422791613147
0.0158887859470336
0.0204113534765429
0.0253980868835179
0.0315035114144609
0.0384972785946535
0.0456070521199581
0.0521809900562236
0.0575712069905447
0.0615666185104890
0.0642780518368935
0.0660279401058178
0.0671056327951455
0.00342100012192787
0.00716792419295123
0.0114408953780183
0.0158878269592452
0.0204115810804173
0.0253900707674845
0.0314633746764279
0.0384515596902364
0.0455853995872990
0.0521752833025272
0.0575888866901452
0.0616036920768282
0.0643445292299437
0.0661158226899256
0.0672154742927193
0.00342097642302733
0.00716785529419046
0.0114399938898535
0.0158838638713030
0.0203991576616625
0.0253463435912216
0.0313244184978021
0.0382475095172425
0.0455101818587322
0.0519568913672326
0.0576241442029457
0.0614383548283098
0.0644140120444540
0.0660668470833340
0.0672945762065517
0.00341300152623967
0.00704456577581863
0.0109075200675463
0.0144848546540798
0.0175899564444535
0.0203506893882521
0.0229003260674377
0.0249703253901580
0.0264232185619961
0.0273964473125456
0.0279494798171384
0.0283225716482680
0.0284883542513633
0.0286193940216513
0.0286633735488777
0.00230719305063855
0.00231847297876314
0.00233080760262171
0.00234499707677354
0.00235853723058686
0.00237330172076455
0.00238712413695049
0.00241111029012806
0.00243995684653282
0.00247421889274503
0.00250396924196298
0.00254333447732518
0.00257998928473690
0.00262752300605280
0.00267035827676280
0.00272312913723478
0.00277047204300039
0.00282926675466592
0.00287971545738905
0.00294381255949427
0.00299589423181160
0.00306406341020397
0.00311601261141291
0.00318677254845930
0.00323695629375185
0.00330895240945853
0.00335620847839412
0.00342835777723287
0.00347209212727033
0.00354357170631911
0.00358364433184347
0.00365317421567720
0.00369295057023330
0.00376956734346007
0.00341546971018353
0.00235226124567175
0.00181425436321870
0.00163253303739558
0.00154638703609686
0.00149991817571372
0.00147724873054218
0.00147196772231496
0.00147433754939912
0.00148456964366571
0.00150206613628141
0.00152010192052322
0.00154006779600208
0.00156378676927335
0.00159395022694679
0.00163532255375149
0.00169539472335926
0.00178278077407068
0.00190764663710570
0.00208707356482465
0.00234870531131029
0.00273449314398992
0.00330913137230701
0.00417620731668682
0.00550044086308540
0.00756007505914681
0.0107701298762423
0.0160146141168948
0.0235914416581607
0.0414644940864002
0.00229348544793001
0.00230415464335732
0.00231747015280365
0.00233079816612241
0.00234579133144106
0.00235941373117730
0.00237567602147779
0.00239725010290016
0.00242842095077338
0.00245898826826041
0.00249346973989206
0.00252825338964512
0.00257057295328327
0.00261147905284078
0.00266072388665135
0.00270550211498975
0.00276067621681746
0.00280972924608876
0.00287086411114975
0.00292267386476815
0.00298876203656290
0.00304158867919234
0.00311115359702463
0.00316309592201306
0.00323467845463716
0.00328413450254302
0.00335673217342930
0.00340254073977714
0.00347549157370196
0.00351702472088540
0.00358937354189776
0.00362881180189463
0.00371299423410982
0.00366093977803122
0.00287606522157792
0.00207374773254090
0.00175969007831550
0.00161269548201603
0.00153618046409041
0.00149370916394262
0.00147305210774084
0.00146866733936331
0.00147158756660551
0.00148248322504631
0.00150024449934679
0.00151855200866452
0.00153880178647563
0.00156279490916683
0.00159319472354428
0.00163472411656096
0.00169487578948543
0.00178234940418795
0.00190734942589221
0.00208689881299846
0.00234860765824685
0.00273442759821024
0.00330904110008065
0.00417600342732953
0.00549997582485626
0.00755910349637261
0.0107682416813825
0.0160112030772200
0.0235854218696107
0.0414554423784669
0.00232289549071583
0.00233401976154314
0.00234635094468688
0.00235996021456352
0.00237375327896332
0.00238737802596196
0.00240216940495482
0.00242431183890213
0.00245515381063551
0.00248575434073360
0.00251928673973979
0.00255342979716169
0.00259519261226311
0.00263604032769493
0.00268473454354294
0.00273064748485112
0.00278469454131422
0.00283570680149409
0.00289365943370448
0.00294991858032974
0.00300930970281315
0.00307111103236782
0.00312839191004735
0.00319579439593420
0.00324807813571566
0.00332007898042924
0.00336659866103705
0.00344054096836716
0.00348266291915420
0.00355611349553855
0.00359330027152127
0.00368384703143486
0.00368754378059401
0.00317380509864109
0.00223872114934869
0.00183926109804215
0.00166900368072558
0.00156989180120459
0.00151205334533880
0.00147846704488012
0.00146265024955848
0.00146048427432759
0.00146495549434444
0.00147753960282642
0.00149593442198076
0.00151485697187048
0.00153573814784908
0.00156034611772342
0.00159129503311834
0.00163322416438380
0.00169361709386430
0.00178133708879094
0.00190667469170791
0.00208654375475890
0.00234849120008605
0.00273448022301261
0.00330919139226637
0.00417615363487902
0.00549997255788692
0.00755869519566159
0.0107669989028751
0.0160085109953081
0.0235800476700375
0.0414471939310930
0.00231727121885977
0.00232811894754552
0.00234109428093750
0.00235447286910069
0.00236860686360685
0.00238191392557679
0.00239663901671423
0.00241850678150511
0.00244913459106730
0.00248044392584315
0.00251401374109631
0.00254947707701168
0.00259099725512601
0.00263289714889808
0.00268151034954930
0.00272761114446707
0.00278270455619452
0.00283223630058914
0.00289319891045138
0.00294530745487241
0.00301098765399312
0.00306407515524321
0.00313312922688310
0.00318536022710039
0.00325648898578898
0.00330598637930306
0.00337879926718439
0.00342359719226275
0.00349832783777515
0.00353676351435713
0.00363204502916447
0.00363308702783497
0.00325911596244862
0.00237671364797343
0.00186840753072044
0.00167218184847841
0.00157346035110899
0.00151284454412335
0.00147589762942622
0.00145419378712631
0.00144561897082653
0.00144676577724050
0.00145434084412537
0.00146950997154727
0.00148895787647639
0.00150884234574976
0.00153068456115290
0.00155623606957653
0.00158805573228234
0.00163066734501776
0.00169151855882402
0.00177968354834616
0.00190558503038257
0.00208599490638426
0.00234837078277872
0.00273469451166529
0.00330965595533916
0.00417676729079641
0.00550058845020211
0.00755907932621058
0.0107667401572050
0.0160070546034936
0.0235760975413695
0.0414409177850441
0.00231449681259650
0.00232590614052781
0.00233880338516063
0.00235278633544988
0.00236656175840385
0.00238012642607982
0.00239393970906891
0.00241635330309673
0.00244613802810821
0.00247828519080957
0.00251052146995451
0.00254739383562330
0.00258700082480313
0.00263135447898213
0.00267697926885951
0.00272710255359420
0.00277749850030357
0.00283296131451943
0.00288707890405988
0.00294743798183003
0.00300363498403951
0.00306809699262157
0.00312383162839914
0.00319182929491760
0.00324440250859538
0.00331569766794914
0.00336271722724542
0.00343795324149123
0.00347405402577150
0.00357699647303855
0.00354661207806475
0.00316793765275677
0.00235127331595804
0.00187040042583481
0.00165668615969989
0.00154639975559461
0.00148607545588846
0.00145138484923130
0.00143228244578894
0.00142270868388075
0.00142215694408076
0.00142772152226604
0.00144026841210837
0.00145812371984666
0.00147927757485566
0.00150046342413040
0.00152356321152164
0.00155035974811156
0.00158336396469675
0.00162696135010628
0.00168852396779061
0.00177735982805949
0.00190406832339423
0.00208526141817211
0.00234828089975500
0.00273512972058363
0.00331051780739281
0.00417795131316352
0.00550195577746924
0.00756042023234986
0.0107676708650354
0.0160070998018518
0.0235739071539168
0.0414371236483604
0.00230096192150311
0.00231294258416554
0.00232597610808513
0.00234057237494375
0.00235398612475835
0.00236751384811527
0.00237991485707044
0.00240255808816652
0.00243154636510784
0.00246526796138891
0.00249670643225929
0.00253606445969816
0.00257414060359602
0.00262163169024612
0.00266479455256089
0.00271882275714136
0.00276600180170719
0.00282620537206926
0.00287646080630579
0.00294213204046166
0.00299351283915112
0.00306396108852757
0.00311390183976234
0.00318806692776489
0.00323531289673530
0.00331008081006204
0.00335801071606365
0.00342473358209776
0.00348388572728001
0.00337890027007246
0.00290932334180927
0.00217389390848601
0.00179251564061315
0.00161407442424214
0.00150903431531055
0.00144623543203253
0.00141028322028284
0.00139277975842202
0.00138673186214562
0.00138732509604063
0.00139329894128160
0.00140562748755829
0.00142307807275980
0.00144387994081115
0.00146718714661193
0.00148993859145088
0.00151451920338410
0.00154279702834397
0.00157725362548386
0.00162212570639154
0.00168466330990427
0.00177440467707238
0.00190216324542254
0.00208438989754496
0.00234828472125649
0.00273586844539373
0.00331188003427292
0.00417983025834716
0.00550422262493317
0.00756289292301160
0.0107700014705360
0.0160089123279857
0.0235737976202204
0.0414363046387504
0.00228112497510437
0.00229413045667360
0.00230775328208441
0.00232315513534697
0.00233627722018784
0.00234928111809844
0.00236009691256512
0.00238227437306698
0.00241107204402857
0.00244506441497751
0.00247710520036654
0.00251682111730906
0.00255596141411254
0.00260339935538478
0.00264778882202269
0.00270151515314834
0.00274994510215844
0.00280971873054963
0.00286129165646867
0.00292602875535448
0.00298009757036132
0.00304698691797191
0.00310359210060083
0.00316921026531798
0.00322783468756976
0.00329137085635664
0.00335210296458914
0.00329475195270476
0.00300475867537606
0.00242265643881200
0.00189846168067676
0.00165583646953728
0.00152755792400357
0.00144927306868668
0.00139736488507227
0.00136467104419567
0.00134637633251253
0.00134105092045444
0.00134305903083832
0.00135039319628263
0.00136398402394429
0.00138195364091406
0.00140379503381312
0.00142771807332062
0.00145334516478378
0.00147779507241351
0.00150397041119896
0.00153386592747582
0.00156995788131126
0.00161633879040343
0.00168009203853324
0.00177095642199917
0.00189998574231699
0.00208348488081485
0.00234848837068366
0.00273702680156038
0.00331387274817459
0.00418255257645302
0.00550755937859485
0.00756669594145660
0.0107739636222721
0.0160127799918649
0.0235761095473549
0.0414389951295630
0.00225171176535722
0.00226589619307778
0.00227991548353303
0.00229641232329440
0.00230868559125335
0.00232019302224037
0.00232925971896196
0.00235015731283257
0.00237701256751503
0.00241379174173680
0.00244436568698201
0.00248826876453801
0.00252496152343695
0.00257759277260308
0.00261811325369907
0.00267807311568097
0.00272169167333842
0.00278834007970821
0.00283458672238648
0.00290628840160604
0.00295406783145916
0.00303163656454678
0.00307759713698278
0.00315883373508328
0.00315163969743969
0.00306400096866552
0.00278100172355085
0.00233820962508046
0.00186715511743284
0.00161850690918426
0.00148900434837067
0.00141296564689121
0.00136437795825196
0.00133277247069113
0.00131128310608423
0.00129873606940788
0.00129403452452278
0.00129641493122665
0.00130394411761802
0.00131765541592124
0.00133625484609857
0.00135867047800366
0.00138417980537751
0.00141093628510008
0.00143872243956499
0.00146484347677236
0.00149260082025609
0.00152413187334607
0.00156193092023128
0.00160996506552904
0.00167511817389177
0.00176727684497636
0.00189775172916163
0.00208272758503227
0.00234905557876540
0.00273876388088725
0.00331665998608429
0.00418629426431092
0.00551216106755126
0.00757205105676529
0.0107798140091854
0.0160190177779059
0.0235812121974009
0.0414457762215718
0.00221241075574728
0.00222609875058649
0.00224287809777884
0.00225811133406122
0.00227171972372581
0.00227863409302721
0.00228606713952411
0.00230295593513981
0.00233328583463360
0.00236806454487657
0.00240330703315138
0.00244570976173820
0.00248782612141400
0.00253724527636860
0.00258490965518453
0.00263929822094910
0.00269166391255615
0.00275154462015781
0.00280997880008684
0.00287448515994577
0.00291620951437267
0.00290427712572836
0.00280784516656719
0.00259981613840288
0.00228841683014602
0.00194948053751701
0.00165638641206530
0.00147594952426789
0.00137801322952782
0.00132201941188525
0.00128746970228127
0.00126687150585358
0.00125481204892463
0.00124851236942031
0.00124569306139659
0.00124688692235869
0.00125108605998939
0.00125971626080398
0.00127271080361807
0.00129026150882203
0.00131227779929979
0.00133782025940391
0.00136600156678741
0.00139496833526502
0.00142447169322044
0.00145208844275156
0.00148129827451089
0.00151436866227155
0.00155382969826374
0.00160355353364132
0.00167020691239750
0.00176376288963652
0.00189579120494269
0.00208238990658615
0.00235022034573109
0.00274129193596536
0.00332044618362775
0.00419126409543596
0.00551825025246133
0.00757920628687279
0.0107878342400077
0.0160279697047010
0.0235895063373763
0.0414572783906988
0.00216338654539501
0.00217927515948328
0.00219549071762113
0.00221230432917627
0.00222331195634451
0.00222729921714976
0.00223110191861423
0.00224458742601023
0.00227526530014324
0.00231043182936651
0.00235267648652658
0.00239190692169762
0.00244467223900368
0.00248552068623556
0.00254641415283134
0.00259060634017017
0.00266115983282285
0.00265156836065797
0.00260352178652415
0.00245451122460133
0.00221757086732800
0.00196339351356316
0.00172119813945022
0.00151453962049202
0.00136831849514390
0.00127339425811758
0.00122059709605719
0.00118744225008204
0.00117171111972272
0.00116714531412714
0.00116769854143301
0.00117236052395193
0.00117962715949036
0.00118793819869840
0.00119655050045874
0.00120676652138308
0.00121823025588063
0.00123197199934617
0.00124873841830706
0.00126908983812215
0.00129335206008822
0.00132087713961276
0.00135072128732859
0.00138114750532849
0.00141176611764847
0.00144060478179167
0.00147105472405364
0.00150548042523240
0.00154645868554123
0.00159780190775023
0.00166596218123909
0.00176093956099541
0.00189454879278176
0.00208283862010783
0.00235229281815223
0.00274488248843778
0.00332548150569542
0.00419770613242091
0.00552607834842936
0.00758843457310522
0.0107983351731537
0.0160400102529029
0.0236014238181996
0.0414741906505586
0.00211024390215903
0.00212550079827646
0.00214360176886588
0.00215707183641547
0.00217012685146651
0.00217087664774965
0.00217153728255575
0.00218180245538608
0.00220789997252246
0.00224417945352992
0.00228877716131625
0.00233593374850865
0.00238697864955012
0.00244536726736233
0.00242997646179001
0.00232773042103345
0.00210622248237440
0.00181869045630180
0.00159756675246958
0.00140284325127800
0.00126860212827899
0.00117003122777076
0.00111598207153822
0.00107903265714997
0.00105577749582184
0.00104047892745601
0.00104043654553343
0.00104607535123444
0.00105935605897850
0.00107590814959216
0.00109326681023446
0.00111092558653816
0.00112825096956275
0.00114519348939545
0.00116124560233823
0.00117756114562201
0.00119426230481325
0.00121205969678598
0.00123179420179737
0.00125426871385948
0.00128001136240486
0.00130868219460230
0.00133935030565005
0.00137054905798805
0.00140166400504689
0.00143141846058792
0.00146285937910938
0.00149840617906147
0.00154069018473844
0.00159349696692353
0.00166308631623705
0.00175943213666243
0.00189456778762786
0.00208453337313958
0.00235566044557708
0.00274986942176304
0.00333206444987018
0.00420590200180200
0.00553592764728572
0.00760003693009945
0.0108116500286184
0.0160555435492201
0.0236174314309799
0.0414972515436615
0.00205737973232391
0.00207396407101975
0.00208791111760702
0.00210699844188940
0.00210775054315361
0.00210238346351281
0.00206411283068223
0.00207499974529378
0.00212097728660695
0.00216292523750936
0.00222976502675944
0.00222956542973899
0.00216251867148356
0.00193794550060439
0.00155644233857796
0.00129498516051252
0.00112137438928535
0.00101713468135617
0.000957722554154494
0.000925930555578704
0.000910674107748374
0.000899311331663618
0.000899602944047792
0.000903010602130088
0.000912204919610528
0.000925631189527994
0.000945261083852617
0.000967913362307239
0.000993514999736768
0.00101990919870793
0.00104564692167402
0.00107034003943111
0.00109363827118012
0.00111595462199970
0.00113700700273176
0.00115762719981336
0.00117817888524472
0.00119919108469447
0.00122134133100857
0.00124552655592339
0.00127229186391644
0.00130157659295885
0.00133248955297876
0.00136393965359755
0.00139503769189563
0.00142541974203292
0.00145760738837164
0.00149403218852310
0.00153738223700108
0.00159144550678684
0.00166232300833427
0.00175991907638658
0.00189644880516917
0.00208801038524583
0.00236077873412216
0.00275664485589960
0.00334054071695720
0.00421617035658940
0.00554810999194636
0.00761433978153698
0.0108281393455927
0.0160750019467631
0.0236380265500423
0.0415272529304007
0.00200984037948198
0.00202357867395440
0.00203926402210993
0.00205017460373518
0.00204269540203094
0.00195117224243012
0.00151747899684635
0.00133905527721953
0.00142195275648706
0.00150902820792627
0.00143293248694883
0.00136712354718874
0.00113365205915630
0.000924048413557646
0.000813946729774887
0.000764036099544369
0.000743077173528227
0.000736889852622914
0.000738171804438388
0.000744158312596618
0.000757584211526845
0.000772319011557708
0.000791418992093091
0.000812177074841768
0.000835879736465508
0.000862033510673453
0.000891256851392216
0.000921991404440095
0.000953698336766314
0.000985083210028005
0.00101531103251385
0.00104407021418129
0.00107115076082767
0.00109705076004499
0.00112164189278272
0.00114547105019285
0.00116898644955212
0.00119261038379528
0.00121680055804615
0.00124244939276255
0.00126999371262943
0.00129961126456726
0.00133044520819716
0.00136181578677543
0.00139254700543113
0.00142331682345597
0.00145604331754496
0.00149312713653708
0.00153731074547897
0.00159239940375853
0.00166438034899077
0.00176307751951249
0.00190084967372143
0.00209384056554031
0.00236815145666097
0.00276564826675067
0.00335129746067667
0.00422886341539976
0.00556296375438727
0.00763169320385738
0.0108481879197747
0.0160988472829314
0.0236637381110629
0.0415650334056719
0.00197252469951540
0.00198012610397451
0.00200091537876748
0.00200094128680202
0.00177635001868676
0.00105282972150096
0.000493693424430631
0.000441651282737948
0.000506653002437852
0.000603233994146615
0.000606108951514612
0.000599867109039866
0.000575581265274164
0.000570930485148408
0.000575156873030595
0.000582767658250499
0.000595442714873899
0.000612574140307632
0.000632449276129232
0.000653840769215942
0.000678367474482936
0.000704051981791216
0.000732243976897878
0.000761551349857764
0.000792708885628477
0.000825439715244430
0.000859737993470909
0.000894648348670156
0.000929601337212932
0.000963760011767895
0.000996648073200213
0.00102801558348263
0.00105773162683144
0.00108624883062598
0.00111353237590929
0.00113991406062506
0.00116585476599056
0.00119169146466373
0.00121764120032196
0.00124452350852513
0.00127270223173236
0.00130252747485027
0.00133316284846827
0.00136430669154382
0.00139453793545299
0.00142559496550112
0.00145870740243623
0.00149627041879816
0.00154108316037796
0.00159701063627929
0.00166993809208845
0.00176957865450986
0.00190838387559212
0.00210260199856862
0.00237830317206114
0.00277734798317738
0.00336475163442474
0.00424436037300305
0.00558085048131961
0.00765246800204682
0.0108722020809243
0.0161275685771673
0.0236951294789310
0.0416114893116958
0.00192716785198956
0.00194783816775372
0.00193649791872756
0.00161243968320675
0.000707828869007109
0.000271158083609008
0.000213723827625851
0.000215051039923497
0.000248514727500905
0.000302041225105426
0.000338488757436103
0.000383952312262764
0.000422054375417662
0.000451248422305782
0.000475997867053558
0.000498791510470729
0.000522278477881632
0.000547927851928854
0.000575427691954752
0.000603918857244930
0.000634080966787816
0.000665404447661808
0.000698568004051359
0.000732632115018143
0.000767978586053736
0.000804368137256736
0.000841537524738889
0.000878805474870228
0.000915683924918716
0.000951619167642695
0.000986335962421705
0.00101962879231047
0.00105141054820903
0.00108204626635067
0.00111155263093164
0.00114012094120194
0.00116805353400530
0.00119572564384556
0.00122336644542219
0.00125153610255946
0.00128040842939271
0.00131046065269618
0.00134087307874560
0.00137173095235078
0.00140137362137873
0.00143263934864972
0.00146604094279979
0.00150396737796097
0.00154927023438256
0.00160584844866288
0.00167954520938911
0.00177996325938677
0.00191960730301622
0.00211483850551773
0.00239174720737862
0.00279221695992637
0.00338133386980224
0.00426305699647948
0.00560214834321869
0.00767705102974205
0.0109006062339455
0.0161616815135792
0.0237327977087712
0.0416675661652513
0.00138061234224663
0.00138652088453322
0.00104656317601113
0.000451329365597588
0.000184501202327915
0.000148279674196223
0.000148513276950327
0.000156995954503125
0.000184442848829359
0.000224798648524912
0.000269688832081633
0.000320102277030902
0.000362768436853297
0.000396463906699039
0.000425925738518601
0.000453895678124274
0.000482003298252169
0.000511633813610646
0.000542907440904797
0.000575173843849815
0.000608622475112164
0.000643260823944041
0.000679421459310736
0.000716383233222358
0.000754284727595087
0.000792890185422920
0.000831857348044265
0.000870655209575459
0.000908893563510265
0.000946203702063617
0.000982416425908329
0.00101735074398911
0.00105094165370567
0.00108339642221549
0.00111477623898636
0.00114528774580972
0.00117523590751295
0.00120480046770547
0.00123400714096733
0.00126336599212752
0.00129294175030552
0.00132327984702356
0.00135357075925486
0.00138420953395412
0.00141333662685994
0.00144469122515483
0.00147829972712346
0.00151649705473600
0.00156217340324109
0.00161927037976052
0.00169360594183625
0.00179467172624827
0.00193498324710855
0.00213102451658892
0.00240895319252183
0.00281070604227484
0.00340146796812954
0.00428535162252840
0.00562724240334233
0.00770584074910697
0.0109338418269549
0.0162017266880046
0.0237773747607865
0.0417342678337037
0.000291926460781910
0.000294755565723444
0.000222948127949940
0.000133043918639711
0.000116482513520434
0.000118828560294267
0.000129301607828772
0.000141922960515681
0.000165936729247746
0.000203022360998563
0.000248080102504912
0.000294595896636799
0.000334314184405244
0.000367501372902441
0.000398092040392489
0.000428200669186867
0.000458698292042414
0.000490571661538304
0.000524042075715570
0.000558598296335525
0.000594208427530967
0.000631028523107653
0.000669180577341566
0.000708081564311919
0.000747708587217784
0.000787831923338723
0.000828113938209285
0.000868112661091543
0.000907525468908200
0.000946102991371408
0.000983658655809593
0.00102007877150281
0.00105530028896866
0.00108961496907814
0.00112295626717901
0.00115542013292129
0.00118718389633482
0.00121845082935099
0.00124915129850189
0.00127969374164624
0.00131003781128074
0.00134076138739350
0.00137106732730997
0.00140159527864669
0.00143034207968205
0.00146177894272789
0.00149556417236818
0.00153399008480351
0.00157997915135351
0.00163750978960665
0.00171239349794325
0.00181401316974287
0.00195485790899277
0.00215153829404783
0.00243031864505614
0.00283321775788134
0.00342555027722790
0.00431163019516892
0.00565651616719148
0.00773924184823528
0.0109723666322826
0.0162482717992839
0.0238295338094855
0.0418126649943440
8.72637173415102e-05
8.31857223486687e-05
8.37592259635710e-05
8.70118143423349e-05
9.82998751522776e-05
0.000111169006818172
0.000124291393017414
0.000138390796194994
0.000162292499970694
0.000198415164429742
0.000240955406305849
0.000282591016328163
0.000318849673025559
0.000350927301707168
0.000381861420611702
0.000413109985915180
0.000445097562804201
0.000478463320501856
0.000513425905153570
0.000549568582891960
0.000586768996363141
0.000625187818142842
0.000664812464813554
0.000705162294300809
0.000746115458054381
0.000787456268911402
0.000828838912886262
0.000869911729708822
0.000910451139647199
0.000950269860010521
0.000989304657031967
0.00102737786323918
0.00106439329289597
0.00110050303223251
0.00113567306196648
0.00116997372962047
0.00120350512636078
0.00123642491529095
0.00126859207635004
0.00130032841315458
0.00133151384097386
0.00136273385287970
0.00139321010417826
0.00142376052143008
0.00145229695453343
0.00148384070907073
0.00151780701511217
0.00155645504960618
0.00160273609618142
0.00166065906642796
0.00173604147957239
0.00183816058843300
0.00197944929800464
0.00217664459048424
0.00245614747629029
0.00286008391411842
0.00345392891944152
0.00434225061828330
0.00569034095464597
0.00777765761296766
0.0110166455786037
0.0163019110004831
0.0238899921287254
0.0419039029944760
3.99081432670098e-05
4.38017224974810e-05
6.02020653426234e-05
7.72322984112668e-05
9.41793019266269e-05
0.000109362083312691
0.000123541823960889
0.000139323304175933
0.000164099993438298
0.000199523857463692
0.000238931530879739
0.000276319570325279
0.000309905909342902
0.000341183309627746
0.000372381091725957
0.000404436943433342
0.000437529517928927
0.000472045251277405
0.000508171974502613
0.000545560799867857
0.000584055814756606
0.000623773376944324
0.000664617014379003
0.000706142623820220
0.000748213145424091
0.000790637617217463
0.000833144334541043
0.000875432924561310
0.000917288053646748
0.000958555473771603
0.000999121751997559
0.00103884674962876
0.00107762331987209
0.00111554094652056
0.00115253904645832
0.00118865945609913
0.00122393864685392
0.00125848687049342
0.00129211134791765
0.00132506180462587
0.00135716309787330
0.00138899153536335
0.00141979621982891
0.00145051153239275
0.00147902104123812
0.00151071802469823
0.00154489424040254
0.00158378544785431
0.00163037002413412
0.00168868161200216
0.00176455135021149
0.00186715433302281
0.00200884565049511
0.00220648723221238
0.00248663758668341
0.00289154985499224
0.00348688851116123
0.00437752987300803
0.00572906664074379
0.00782148902958340
0.0110671623028901
0.0163632714061563
0.0239595218828531
0.0420092203517197
2.76958451590438e-05
3.85541545862525e-05
5.73971488149997e-05
7.62178327305303e-05
9.37341890927355e-05
0.000109404564019257
0.000124628609237046
0.000142245152596005
0.000168109249965199
0.000202388556552712
0.000238826783297440
0.000272956780992294
0.000304765017196412
0.000335659172803750
0.000367204322461959
0.000399967858582884
0.000433998160793914
0.000469506454861600
0.000506646718566746
0.000545121574294535
0.000584743648764465
0.000625575995187719
0.000667495161661321
0.000710183895017776
0.000753423265249336
0.000797036262105247
0.000840755565503376
0.000884339000106899
0.000927599392529999
0.000970392631824273
0.00101259226323008
0.00105404840862775
0.00109463995425543
0.00113440060510199
0.00117324384054580
0.00121118475489888
0.00124820749446472
0.00128437533451957
0.00131945930320552
0.00135365047363235
0.00138674029081655
0.00141928509687135
0.00145056987610358
0.00148159198848926
0.00151025672505200
0.00154216756404086
0.00157659913685801
0.00161577451184184
0.00166269845390958
0.00172142536237200
0.00179780434012117
0.00190091155951752
0.00204301183877963
0.00224109050101196
0.00252187687841999
0.00292776613917543
0.00352463911308237
0.00441773394148742
0.00577301582485243
0.00787112977041135
0.0111244103436770
0.0164330181528107
0.0240389635251830
0.0421299800632930
2.64884618313119e-05
4.08616763200334e-05
5.91453689368345e-05
7.75747267063711e-05
9.44725731807462e-05
0.000110314650366927
0.000126638692812618
0.000146044035261772
0.000172802506084242
0.000205759682226064
0.000239561599780960
0.000271380882596521
0.000302144147207723
0.000332997465429752
0.000364991634647228
0.000398446247700597
0.000433343721015670
0.000469773285861991
0.000507836774597826
0.000547300323757149
0.000588028270117678
0.000629988866080772
0.000673025614580912
0.000716860261590482
0.000761290039773674
0.000806150444198972
0.000851197522129965
0.000896208980447749
0.000941007452364980
0.000985445608896248
0.00102937846128508
0.00107264426429813
0.00111510678404183
0.00115674946999793
0.00119746159982537
0.00123723229472829
0.00127600236340137
0.00131379039638769
0.00135034330547551
0.00138580583468076
0.00141995331403657
0.00145331590912197
0.00148522077231257
0.00151668518031182
0.00154567602410740
0.00157787038551530
0.00161261346777718
0.00165212775245041
0.00169944466312049
0.00175863727615168
0.00183557528571376
0.00193923951105248
0.00208180080266120
0.00228036795652488
0.00256184740924125
0.00296878883500507
0.00356731364965289
0.00446307402953557
0.00582248139251397
0.00792697009284979
0.0111889055574491
0.0165118653694886
0.0241292410796778
0.0422676888988877
3.05800906503364e-05
4.57010045323012e-05
6.23429371007021e-05
7.95560251906835e-05
9.56887784487284e-05
0.000111740684947872
0.000129162291826826
0.000150149431867733
0.000177468723803897
0.000209067695373390
0.000240723227323542
0.000271105617752200
0.000301367041887921
0.000332424948917920
0.000364955105686345
0.000399093272855058
0.000434809926101879
0.000472145564668343
0.000511160617016869
0.000551643109547556
0.000593449089969855
0.000636518222915212
0.000680693708299725
0.000725735861509684
0.000771446256062545
0.000817666596052979
0.000864168081936339
0.000910737854308901
0.000957196993333209
0.00100338698293023
0.00104914206617367
0.00109428775009864
0.00113867144648146
0.00118223266786260
0.00122483765481167
0.00126645013611451
0.00130697456823144
0.00134638848697173
0.00138442396585132
0.00142119045159779
0.00145646013716741
0.00149073393032278
0.00152338440380527
0.00155541656975255
0.00158488685369130
0.00161743952277977
0.00165255729771451
0.00169247456821707
0.00174025089607868
0.00179997804458780
0.00187754822722948
0.00198185160614189
0.00212496962966843
0.00232413605297227
0.00260643668975837
0.00301458659272320
0.00361497192824276
0.00451370783278345
0.00587772761901360
0.00798939774961036
0.0112611921723255
0.0166005928211141
0.0242313902365661
0.0424240515931449
4.19419653387572e-05
5.09853463729784e-05
6.55427036800472e-05
8.16004059130592e-05
9.72329287830928e-05
0.000113570937226238
0.000131984071259509
0.000154255985895820
0.000181837472459715
0.000212206033766627
0.000242326675536356
0.000271858660334513
0.000302011686251596
0.000333433546785820
0.000366550365733875
0.000401417962387651
0.000437981191046664
0.000476221342136609
0.000516177485006038
0.000557675447233123
0.000600579726397137
0.000644798618139819
0.000690180595001102
0.000736514571031192
0.000783608293647491
0.000831302938254368
0.000879377471803663
0.000927620688924591
0.000975845120420166
0.00102387614669905
0.00107152749255055
0.00111861097261029
0.00116495721602010
0.00121046709782778
0.00125498515714622
0.00129845014808928
0.00134073572835553
0.00138178277732764
0.00142131585478689
0.00145941863273598
0.00149586919014055
0.00153113823384690
0.00156464384566025
0.00159735665076621
0.00162743861769830
0.00166042772571723
0.00169598832042040
0.00173637949026608
0.00178469158732187
0.00184503711501569
0.00192333283730579
0.00202838511583497
0.00217219751271525
0.00237213194718277
0.00265545364190023
0.00306505461957983
0.00366761050422427
0.00456974859605785
0.00593899837402697
0.00805881075098220
0.0113418576898349
0.0167000651269140
0.0243465838861390
0.0426010084928220
7.02387658677976e-05
5.57109473153549e-05
6.83335459873285e-05
8.36326692924481e-05
9.91128910596991e-05
0.000115779070849384
0.000134984981489968
0.000158196214865744
0.000185824688462215
0.000215208974930470
0.000244350780392006
0.000273510097165419
0.000303817712920838
0.000335725694488718
0.000369479616594697
0.000405076338904494
0.000442472116137320
0.000481620938034896
0.000522540382952812
0.000565084030736028
0.000609124257425755
0.000654549836459087
0.000701215778434887
0.000748930697345924
0.000797506509766512
0.000846778654159814
0.000896527518513226
0.000946538779812126
0.000996611689679078
0.00104655351560298
0.00109615808976125
0.00114522316344220
0.00119356206847524
0.00124104193437880
0.00128748703746785
0.00133281165485788
0.00137686275004179
0.00141954943549182
0.00146059432056136
0.00150006344743360
0.00153774632791290
0.00157408389242235
0.00160853715007028
0.00164202866691085
0.00167283155278816
0.00170633767820997
0.00174241328383270
0.00178335505664878
0.00183228787293180
0.00189334888424079
0.00197248194385097
0.00207841953387136
0.00222310550650207
0.00242403364002134
0.00270864813411239
0.00312003264477676
0.00372517961251516
0.00463127817168883
0.00600653035987256
0.00813562980033684
0.0114315505036973
0.0168112599775080
0.0244761754562106
0.0428008061737287
0.000131704494331051
5.98296544437794e-05
7.08727563926677e-05
8.57734132491087e-05
0.000101445884864419
0.000118455486301029
0.000138191766702581
0.000161979518784831
0.000189507830369745
0.000218187387593403
0.000246813335639458
0.000275961036586591
0.000306604080188986
0.000339058364330303
0.000373468289834548
0.000409808647023924
0.000448045421339383
0.000488117616196008
0.000530028659762694
0.000573654794565183
0.000618875492091112
0.000665568066704403
0.000713592724003071
0.000762769681702238
0.000812911988368335
0.000863845389090476
0.000915347106854161
0.000967196608196246
0.00101917743371571
0.00107107806878112
0.00112267371859344
0.00117374742654263
0.00122409514164913
0.00127355418242727
0.00132192997932810
0.00136911333037536
0.00141492762510779
0.00145925510009037
0.00150182063838716
0.00154267910922524
0.00158163438793662
0.00161909895604952
0.00165457228924117
0.00168892197149247
0.00172052980501396
0.00175463479059543
0.00179130170439437
0.00183287669043468
0.00188252422696199
0.00194441079641561
0.00202451124760649
0.00213149778974870
0.00227727759424970
0.00247948124511584
0.00276573294167347
0.00317932674576832
0.00378760315366747
0.00469836633761846
0.00608056989825182
0.00822031793625038
0.0115310050495263
0.0169353012742763
0.0246217430555260
0.0430260660814717
0.000132544910082534
6.42265955395657e-05
7.36472196985161e-05
8.84189668374585e-05
0.000104621955260471
0.000121953385374575
0.000141868550508505
0.000165838833208252
0.000193144613546996
0.000221366137386430
0.000249831478674375
0.000279216145792018
0.000310316702834389
0.000343361264295730
0.000378443645587753
0.000415539189378366
0.000454626235428041
0.000495636873904438
0.000538565745133283
0.000583307978393783
0.000629749206408943
0.000677760315283255
0.000727203793641845
0.000777904832974148
0.000829674489576165
0.000882326287137367
0.000935631071087808
0.000989360241874043
0.00104328094831901
0.00109716298776397
0.00115076416574980
0.00120385229218250
0.00125620586582138
0.00130763575395476
0.00135792982034553
0.00140695663913559
0.00145451881410777
0.00150047643277741
0.00154455962858864
0.00158681706404549
0.00162706770305998
0.00166569754717674
0.00170223941919809
0.00173750355732135
0.00176997386389334
0.00180475971517585
0.00184209940915988
0.00188439782052282
0.00193486453830523
0.00199770111348045
0.00207891838632925
0.00218714647306151
0.00233428253664691
0.00253809957773790
0.00282640659791608
0.00324273233235958
0.00385480218381020
0.00477109334241444
0.00616139710714519
0.00831340630625240
0.0116410723256657
0.0170735028862953
0.0247851505421541
0.0432798764536109
0.000135103568916547
6.95320243748962e-05
7.71758593263750e-05
9.20381013809811e-05
0.000109174315091659
0.000126767097367134
0.000146360321692201
0.000170029872854416
0.000196985670895906
0.000224960272184652
0.000253542794670637
0.000283347945020162
0.000314990503918280
0.000348650622030015
0.000384411792737416
0.000422266629470044
0.000462207407920150
0.000504164573312338
0.000548127496165766
0.000594007375599500
0.000641695212959487
0.000691058215994931
0.000741957897940382
0.000794219284468627
0.000847648678510624
0.000902046280260169
0.000957174647100715
0.00101279606041778
0.00106866090761029
0.00112452133161134
0.00118011841756647
0.00123520455311023
0.00128954091585146
0.00134291485354864
0.00139509777152104
0.00144593748478874
0.00149521847224719
0.00154278282568604
0.00158836769970163
0.00163201866559332
0.00167356932846546
0.00171338131428111
0.00175101619874891
0.00178722752168246
0.00182059377391521
0.00185614272793172
0.00189424392593874
0.00193736572178725
0.00198876909080853
0.00205269654236343
0.00213520132360618
0.00224489448921819
0.00239369313753527
0.00259951986244256
0.00289037711516171
0.00331005862302495
0.00392671909700539
0.00484957503295226
0.00624935100489814
0.00841552375648918
0.0117627574023471
0.0172274204068284
0.0249686184415979
0.0435658911972886
0.000140020836584705
7.61656644636205e-05
8.18850508628584e-05
9.70395174317956e-05
0.000115670788831195
0.000133478733853780
0.000152074979607582
0.000174797318488874
0.000201221863423518
0.000229116913785640
0.000258038647005526
0.000288407774538007
0.000320657520302102
0.000354949869098925
0.000391390988858100
0.000430003599173126
0.000470795509386711
0.000513698312594023
0.000558698514046323
0.000605721567179777
0.000654663065836499
0.000705388458199858
0.000757755793463595
0.000811585737000724
0.000866678146685398
0.000922819638122370
0.000979763091324991
0.00103726151425888
0.00109504893335664
0.00115286046568593
0.00121042127447568
0.00126746810601562
0.00132374521902774
0.00137901875178804
0.00143304487057237
0.00148565216270218
0.00153660958349530
0.00158574488420226
0.00163280247398051
0.00167782620756013
0.00172066273224744
0.00176165209368159
0.00180038111619712
0.00183754949970170
0.00187182497304422
0.00190821895416446
0.00194718045203736
0.00199123844332251
0.00204371169041999
0.00210888980903969
0.00219287670754649
0.00230429207303894
0.00245510596304852
0.00266339967670163
0.00295738328763008
0.00338115267125921
0.00400334442596020
0.00493399131265242
0.00634486138812776
0.00852743218653355
0.0118972660322983
0.0173989154201644
0.0251748140345298
0.0438884722995098
0.000148692600975881
8.47457698937093e-05
8.84612952950471e-05
0.000104085388988540
0.000125134658187767
0.000143226091837455
0.000159921086492091
0.000180728401713939
0.000206277985927736
0.000234194295498629
0.000263658646339387
0.000294751953262244
0.000327709468541462
0.000362692650548460
0.000399858480487152
0.000439272450610951
0.000480960671615021
0.000524857431663694
0.000570947618205227
0.000619171080876616
0.000669428568276519
0.000721585624952177
0.000775494744514769
0.000830969578045864
0.000887802218972866
0.000945765323939992
0.00100460082060818
0.00106405131366179
0.00112383486602888
0.00118366863736250
0.00124326162920105
0.00130233381384111
0.00136061200393246
0.00141784194811336
0.00147376453596805
0.00152818972424079
0.00158087265248572
0.00163162881655745
0.00168020916090460
0.00172665554068543
0.00177082641991631
0.00181304193659190
0.00185291391122387
0.00189108914652671
0.00192632078059110
0.00196365784976634
0.00200359289085812
0.00204871393478305
0.00210240383114491
0.00216900342406906
0.00225467282634264
0.00236806429252876
0.00252122744294049
0.00273240536693816
0.00303002211970688
0.00345850051335734
0.00408699128248847
0.00502639503284003
0.00644958698392856
0.00865020751891089
0.0120447718382057
0.0175869837663856
0.0254006282337381
0.0442432931967911
0.000162918079683682
9.61346746812222e-05
9.77181025051951e-05
0.000114050791943095
0.000138888892361111
0.000157532122438099
0.000171165369266545
0.000188579861561110
0.000212602535758067
0.000240549917702942
0.000270768264334810
0.000302799723793359
0.000336630144214811
0.000372424327780513
0.000410416151799604
0.000450728226947612
0.000493409670124945
0.000538397943724730
0.000585677259114296
0.000635203717994729
0.000686885399414896
0.000740591042604662
0.000796167364953216
0.000853418953784659
0.000912129436128971
0.000972057081874725
0.00103293113577234
0.00109448263641604
0.00115641208593424
0.00121841782708841
0.00128019088895621
0.00134143267308701
0.00140185128199931
0.00146117187430880
0.00151911936516719
0.00157548511136242
0.00163001121090741
0.00168250217523976
0.00173271469250347
0.00178068816300240
0.00182629222255669
0.00186982835044927
0.00191093394842475
0.00195020227527252
0.00198646881802749
0.00202487465777821
0.00206591381916135
0.00211224377226257
0.00216732044104503
0.00223554306325150
0.00232313667758337
0.00243881156527075
0.00259472589838447
0.00280930030440089
0.00311119907093124
0.00354522641077960
0.00418112709472377
0.00513079428487187
0.00656837345391080
0.00878998468441859
0.0122132978555595
0.0178024901977308
0.0256606378691595
0.0446505424181381
0.000186681866602936
0.000111594557706169
0.000110468340027825
0.000127867679497350
0.000158342540714562
0.000178108067076823
0.000187353508525876
0.000199275375748268
0.000220602260407238
0.000248393181149140
0.000279530011655842
0.000312733652107123
0.000347644469021518
0.000384411473549241
0.000423362966962896
0.000464695055696189
0.000508484206444954
0.000554670107928764
0.000603236024666635
0.000654157308046909
0.000707353873687324
0.000762703133394978
0.000820047840770983
0.000879183616117908
0.000939885973973524
0.00100189891905927
0.00106493754886732
0.00112871998948710
0.00119292817338789
0.00125723991821981
0.00132132635093222
0.00138486835638748
0.00144755407576735
0.00150908760331104
0.00156917718728573
0.00162759545648786
0.00168407227780890
0.00173840178140845
0.00179034522784813
0.00183993883057120
0.00188706287250031
0.00193200174942758
0.00197441964417392
0.00201485580181748
0.00205222698498956
0.00209183276362686
0.00213412420903381
0.00218182918934479
0.00223848706926752
0.00230856495234757
0.00239836417940256
0.00251667957068950
0.00267580853441479
0.00289436708061731
0.00320129013529072
0.00364181947923293
0.00428637626141731
0.00524797613505944
0.00670220457022391
0.00894799576974552
0.0124043783223104
0.0180474866370769
0.0259572892532877
0.0451147485508737
0.000226300293823097
0.000133109634605800
0.000127340225556825
0.000146384362958857
0.000184883258498507
0.000206915664880854
0.000210540707909023
0.000214182438879411
0.000230868770194683
0.000257964336760637
0.000290083413514564
0.000324707634139167
0.000360971103956303
0.000398950062375443
0.000439066373127965
0.000481603277344978
0.000526672768276022
0.000574211782500773
0.000624199456394681
0.000676634659005430
0.000731456076183315
0.000788558676000520
0.000847786374246834
0.000908928285294701
0.000971753326948137
0.00103599263214472
0.00110134591739989
0.00116751705923972
0.00123416770178780
0.00130095317092088
0.00136752192294566
0.00143353182961177
0.00149864894474725
0.00156255539747183
0.00162494123867181
0.00168555998208890
0.00174412928220169
0.00180043295695480
0.00185423494550773
0.00190556754605350
0.00195432110940853
0.00200076498849182
0.00204459192004180
0.00208628643266089
0.00212484694621204
0.00216580419254080
0.00220951956169089
0.00225879224944410
0.00231725754219768
0.00238946210890150
0.00248179715946204
0.00260317007960877
0.00276605075982515
0.00298927536183796
0.00330208772449087
0.00375023410836422
0.00440491037383924
0.00538041289310063
0.00685397328223888
0.00912774068629072
0.0126223432452493
0.0183276246997747
0.0262976469346770
0.0456465256119643
0.000316408755561833
0.000165802121349273
0.000150102257387999
0.000171187120212494
0.000221363429515611
0.000248017074348577
0.000244497886792540
0.000235804850424185
0.000245119663816616
0.000269947452514799
0.000302881134071773
0.000339154013211982
0.000377110990488390
0.000416636398032350
0.000458220741051170
0.000502234135818605
0.000548837428684133
0.000597958078402876
0.000649561111368662
0.000703672359791224
0.000760259646915653
0.000819248264182922
0.000880492651839769
0.000943780923984742
0.00100887925732040
0.00107550907205346
0.00114335369679425
0.00121210182289969
0.00128139302059973
0.00135085771873319
0.00142011804807961
0.00148880545146721
0.00155656108467689
0.00162304308275350
0.00168792127518968
0.00175092881126692
0.00181177065360568
0.00187021959014998
0.00192603999115031
0.00197925878508163
0.00202977662415829
0.00207784946005181
0.00212320218704093
0.00216626233705085
0.00220611401600071
0.00224859846207018
0.00229393858774510
0.00234500450046229
0.00240554219409172
0.00248019250063698
0.00257545182748190
0.00270036945941874
0.00286762446700324
0.00309630505099562
0.00341600954342884
0.00387306563416314
0.00453955984445907
0.00553125564326357
0.00702727448964929
0.00933345321220639
0.0128722956399397
0.0186494206671231
0.0266896507262861
0.0462577943920973
0.000710595343956180
0.000224296407738714
0.000184029089905189
0.000207235695226114
0.000275513012599433
0.000312055831431634
0.000299587961098527
0.000269585741070983
0.000267653812469202
0.000286377847734158
0.000319468459687230
0.000357542197299958
0.000397629887293797
0.000439178396825200
0.000482680585552947
0.000528582518232661
0.000577094122071877
0.000628136509364890
0.000681638878260435
0.000737655178306895
0.000796197488188012
0.000857239933442177
0.000920663032422999
0.000986264170680589
0.00105381428026050
0.00112303045095383
0.00119358028784012
0.00126513658113427
0.00133731485666497
0.00140971792945491
0.00148193651502821
0.00155357085635799
0.00162423278917539
0.00169355359122307
0.00176117946442342
0.00182682096413045
0.00189016901152245
0.00195098394753820
0.00200902791651371
0.00206432064346097
0.00211677357992577
0.00216663089342399
0.00221365489079079
0.00225821165755836
0.00229947987099017
0.00234369914905253
0.00239090213727452
0.00244402813846745
0.00250695138133560
0.00258442457042625
0.00268306640565475
0.00281209724528107
0.00298444579968128
0.00321949060034949
0.00354723742568183
0.00401468204553253
0.00469493559691578
0.00570544911469687
0.00722751739056324
0.00957122454983875
0.0131612331009356
0.0190214119983304
0.0271432095741679
0.0469629470707017
0.00188515576770646
0.000343045556806711
0.000239721777754074
0.000264447350456379
0.000361198481411780
0.000419674706106420
0.000394894531805382
0.000327405165162220
0.000303553375168088
0.000312577200707752
0.000342670994573914
0.000382327036720547
0.000425017083561674
0.000469227561482876
0.000515296233756510
0.000563704638927280
0.000614688870802284
0.000668150910462186
0.000723970447960697
0.000782216960718058
0.000842967972553030
0.000906273091838380
0.000972063970207872
0.00104016499346766
0.00111036583356362
0.00118238926024484
0.00125589015307545
0.00133052644410264
0.00140588745655247
0.00148154562252997
0.00155705322588551
0.00163197273775180
0.00170588016911352
0.00177837522649187
0.00184907568044316
0.00191766562471456
0.00198381935042629
0.00204728258082146
0.00210781227950307
0.00216541848805159
0.00222002435371156
0.00227186339150933
0.00232074228069249
0.00236695806263706
0.00240979920943308
0.00245600197714054
0.00250535245377238
0.00256085699304628
0.00262653965456328
0.00270728745742689
0.00280986133649009
0.00294368301667694
0.00312197514754806
0.00336445525094013
0.00370160070095880
0.00418117870170454
0.00487748598998241
0.00590993380265418
0.00746233617149857
0.00984970822701805
0.0134991849678087
0.0194558971583067
0.0276727699929433
0.0477825383042865
0.00600944113249120
0.000634568467551672
0.000340317030156734
0.000363516330544018
0.000503092241368806
0.000611879356236834
0.000568285636864103
0.000434107578960066
0.000364007984020079
0.000357643138583483
0.000377641594931663
0.000417646711218628
0.000463164111276790
0.000510703387997083
0.000560168797680413
0.000611932094507405
0.000666204294238294
0.000722799507733059
0.000781519764748171
0.000842448222942667
0.000905741550941654
0.000971559424382908
0.00103992307314656
0.00111071158815285
0.00118375752941110
0.00125880764103791
0.00133551122627865
0.00141351621078133
0.00149238458457640
0.00157165677689067
0.00165083709516598
0.00172944170832066
0.00180700120847362
0.00188307719481945
0.00195725157824596
0.00202917610687585
0.00209850411470805
0.00216496340011382
0.00222830209993586
0.00228851769635328
0.00234554571498270
0.00239960920540387
0.00245056822820354
0.00249863827961718
0.00254324342927119
0.00259172629943792
0.00264356566717308
0.00270183060289980
0.00277072040656221
0.00285528638256876
0.00296245618545817
0.00310188359058324
0.00328713417459118
0.00353832374905810
0.00388647898043510
0.00438025686124092
0.00509533286260610
0.00615340875061860
0.00774123311929288
0.0101795835300283
0.0138984011283511
0.0199677634835348
0.0282955913437063
0.0487411204340689
0.00862630418936463
0.00146714745088632
0.000548831464542988
0.000555335420594832
0.000757252221564094
0.000980565053553806
0.000908400458676827
0.000644589514471392
0.000476045404753702
0.000433225819248545
0.000438928240122401
0.000472028586655404
0.000519612357957337
0.000570774310774752
0.000624440735266477
0.000680578883247503
0.000739196854191077
0.000799904734545735
0.000862303117982011
0.000926490312941560
0.000992740062143344
0.00106134790419662
0.00113247777310223
0.00120610255424166
0.00128213974476236
0.00136038732893614
0.00144050476762134
0.00152214172269172
0.00160483482038612
0.00168809352809267
0.00177136190495802
0.00185409880328991
0.00193577573099692
0.00201590681917453
0.00209402709782886
0.00216974659700904
0.00224269085799882
0.00231256454497727
0.00237910257771744
0.00244228596188048
0.00250206272553156
0.00255864464049240
0.00261195512914970
0.00266211009254786
0.00270871007258084
0.00275982696624555
0.00281456662632971
0.00287605115139803
0.00294868636715285
0.00303772585149962
0.00315029576252488
0.00329631459963250
0.00348974313194298
0.00375116633608200
0.00411225287400933
0.00462268750866349
0.00535975253979646
0.00644784436698778
0.00807714722397173
0.0105752212899424
0.0143751484090322
0.0205765169253652
0.0290339490017060
0.0498699364628584
0.0135329229436558
0.00391496293352244
0.00110119845299677
0.000980676004879334
0.00128500858598404
0.00176701130720254
0.00163646754818493
0.00109912732587707
0.000701684956085047
0.000571166888870577
0.000549402983830680
0.000565321743061731
0.000609968027976842
0.000663724217914838
0.000721669142208325
0.000782986241404915
0.000847025694261857
0.000912941313776962
0.000979909292148608
0.00104797126177752
0.00111755856350243
0.00118917413822994
0.00126315551043109
0.00133962333644536
0.00141864511197712
0.00150010545066271
0.00158370287139394
0.00166911206606354
0.00175585265636013
0.00184341010887576
0.00193115200174845
0.00201846683601159
0.00210474786687540
0.00218944819700539
0.00227203885528157
0.00235207372061384
0.00242913969352987
0.00250291012734779
0.00257310073696590
0.00263967023127735
0.00270257853017564
0.00276202374673117
0.00281800193743269
0.00287050410237233
0.00291937137666601
0.00297354306707908
0.00303167784108255
0.00309693410244205
0.00317395976761600
0.00326826030961276
0.00338720176433649
0.00354100412487675
0.00374407733766149
0.00401755714253884
0.00439386595047003
0.00492387310578294
0.00568674012001410
0.00681005482257574
0.00848804471209966
0.0110563149087916
0.0149513952120208
0.0213081069893519
0.0299169745916152
0.0512091578033344
0.0169379725044334
0.0106255642639493
0.00285490151474794
0.00205622247692239
0.00248958280134061
0.00324898744250434
0.00322600813956049
0.00213494511099886
0.00120554823872163
0.000856223615469290
0.000753355477313563
0.000744041258159184
0.000767781121694897
0.000819771585567525
0.000879908193898682
0.000945713644169170
0.00101533923753100
0.00108693474760065
0.00115886205693289
0.00123098938772912
0.00130386559026460
0.00137829568726786
0.00145478158411196
0.00153367374878555
0.00161526021872814
0.00169953928294279
0.00178629856483593
0.00187527415101632
0.00196598891086314
0.00205792090411874
0.00215033909568087
0.00224254750669823
0.00233383400607499
0.00242357157962918
0.00251113844334638
0.00259601129717659
0.00267772046813323
0.00275589493850544
0.00283022164331737
0.00290062906319575
0.00296708539184525
0.00302977078220671
0.00308875991771852
0.00314388499293945
0.00319532402927829
0.00325304191542882
0.00331516127679458
0.00338484488438898
0.00346702471879067
0.00356751947470530
0.00369398925077202
0.00385700017568636
0.00407146621853178
0.00435916163191127
0.00475339597938469
0.00530639814127061
0.00609953361685064
0.00726420332446992
0.00899941538897692
0.0116504020471611
0.0156573689436453
0.0221976503112337
0.0309833508919081
0.0528111075278775
0.0237696095416157
0.0232204949866011
0.00954641215473634
0.00530987380113205
0.00587295034766985
0.00802773337839140
0.00751196900801970
0.00474602084713387
0.00244834138618523
0.00152032060520923
0.00118902986728523
0.00109077342249403
0.00108110409398877
0.00110709821222127
0.00116177909743801
0.00122661642838293
0.00129809627120185
0.00137259201807133
0.00144711208704350
0.00152122733863002
0.00159555198145530
0.00167101803941676
0.00174826449957953
0.00182790949721033
0.00191053514895768
0.00199619074904123
0.00208483810432585
0.00217630190384283
0.00227015054866588
0.00236587956503323
0.00246262811613451
0.00255960008972013
0.00265593903145346
0.00275090746385236
0.00284374170809351
0.00293380996714174
0.00302055766780133
0.00310354658872668
0.00318241801119770
0.00325705859070912
0.00332743492254354
0.00339370286148847
0.00345600986394982
0.00351398983483563
0.00356829705941706
0.00363010798347904
0.00369689156484688
0.00377175522008659
0.00385996190974148
0.00396771577594979
0.00410304121682154
0.00427690655266692
0.00450478477516809
0.00480917579970029
0.00522443086604414
0.00580432424942658
0.00663281806949442
0.00784591175390783
0.00964830295516906
0.0123968658090141
0.0165355308127794
0.0232935757650433
0.0322853126951667
0.0547448850854771
0.0290176125852682
0.0300505253004613
0.0254302462624105
0.0165113525463824
0.0136935119149137
0.0131495398998343
0.0129640959169120
0.0106922167879030
0.00573387091354761
0.00322337158950001
0.00225508942902159
0.00187478032144410
0.00173379297572154
0.00170522498379486
0.00172000588971297
0.00176451422081828
0.00182082896250169
0.00188305632341414
0.00194731149550066
0.00201310337846699
0.00208050165355463
0.00214989718697176
0.00222178879566396
0.00229686486375591
0.00237596299443338
0.00245881631431903
0.00254564872568796
0.00263634017077911
0.00273056816559240
0.00282784858385429
0.00292715519060253
0.00302754567931402
0.00312796653413629
0.00322750671256039
0.00332517767006197
0.00342019707018189
0.00351187357960298
0.00359966172106983
0.00368312510159440
0.00376208894141819
0.00383649370256823
0.00390646059790122
0.00397218046864723
0.00403304820045531
0.00409038783605374
0.00415681947309636
0.00422898348718967
0.00430981395882112
0.00440495490471466
0.00452107172746755
0.00466663742551656
0.00485309419381683
0.00509652949174065
0.00542024245481653
0.00585979833609503
0.00647068928842936
0.00733996002540331
0.00860922810074092
0.0104900161376310
0.0133534526599733
0.0176469181153088
0.0246640850275587
0.0338947248826192
0.0571031831564157
0.0341107560079078
0.0344942261667060
0.0350691249099210
0.0315509719186979
0.0270227572122841
0.0269143897240989
0.0241161717860609
0.0226593912165261
0.0145156797508986
0.00812083226706806
0.00516278626488212
0.00389552042808965
0.00332938175671392
0.00308730066287556
0.00298672101447587
0.00293778916511863
0.00291209243559150
0.00289904792396120
0.00290329437945522
0.00292207587472736
0.00295186497397401
0.00299027864002462
0.00303674609449171
0.00309114250364157
0.00315341412374012
0.00322177044623963
0.00329664321085242
0.00337765803574722
0.00346462948670211
0.00355704871923872
0.00365347043375711
0.00375278474923219
0.00385364424858837
0.00395474301247432
0.00405481070912975
0.00415281888445551
0.00424783330978759
0.00433912790888192
0.00442612541951315
0.00450854733108155
0.00458625095713911
0.00465929770778395
0.00472785133203405
0.00479103273518152
0.00485109208997903
0.00492240897792660
0.00500050635127313
0.00508790158972605
0.00519065921979399
0.00531596755579945
0.00547283340499735
0.00567325575609947
0.00593399837908087
0.00627919298857274
0.00674580494243272
0.00739113950934733
0.00830596124569717
0.00963888012714685
0.0116096859391528
0.0146072514202700
0.0190815603458248
0.0264074954781653
0.0359125713334996
0.0600125431016086
0.0390996257055391
0.0385359239108182
0.0376449515565753
0.0363608453051507
0.0348340012665991
0.0323427433477793
0.0301687213496704
0.0283851134715206
0.0273554917357405
0.0210012486859440
0.0137638332804217
0.00975891060266016
0.00773228826199517
0.00669464828811651
0.00613833591996671
0.00577060523862007
0.00546619367474151
0.00519855395983342
0.00498079787859451
0.00480540950714711
0.00468101212450951
0.00460146159077414
0.00455693119738849
0.00454119570890974
0.00454646679562083
0.00456662298098124
0.00460126951326506
0.00464820949134351
0.00470728691874998
0.00477761958123821
0.00485596260710669
0.00494146159292215
0.00503197731004945
0.00512538033397306
0.00521996308483866
0.00531432683472471
0.00540702432694321
0.00549701454941016
0.00558344654608723
0.00566577845957490
0.00574369665764297
0.00581711363535450
0.00588601996623909
0.00594923391387683
0.00601030223501984
0.00608580005567655
0.00616958093917347
0.00626327563904452
0.00637334603464718
0.00650749350566790
0.00667530651589018
0.00688942207504212
0.00716734113855350
0.00753398845883376
0.00802791956287914
0.00870812561732447
0.00967004183037685
0.0110712203968990
0.0131416057683670
0.0162926464828018
0.0209751920970493
0.0286685823013360
0.0384839101946399
0.0636494230513960
0.0436050079252756
0.0428735506874868
0.0428457809517418
0.0425555825698394
0.0416219641568876
0.0403888659399353
0.0400526981359915
0.0396144283322265
0.0404667918903448
0.0393330709660168
0.0343310775274898
0.0264093200962532
0.0207866224149408
0.0171864378244348
0.0149597085681222
0.0133840456966226
0.0120503924468179
0.0108670140677192
0.00986875697992509
0.00907349828499541
0.00847086782575415
0.00802664254564262
0.00770354663352354
0.00745734827448855
0.00727536153563210
0.00714302316712419
0.00705209511716390
0.00699483303574866
0.00696898266797982
0.00696998289740447
0.00698734016241024
0.00702392898077312
0.00707354414065199
0.00713291111349921
0.00719927306348140
0.00727082971836768
0.00734458719457562
0.00741908405650113
0.00749269273268072
0.00756424548179297
0.00763295669806109
0.00769833945971037
0.00775996702386493
0.00781635052967968
0.00787281071206747
0.00794879279577381
0.00803534904322818
0.00813216015863307
0.00824597587718919
0.00838484436697519
0.00855880389551563
0.00878115951646264
0.00907015632586761
0.00945130264043594
0.00996496656564383
0.0106711287351205
0.0116716412135250
0.0131359688172067
0.0153067401774701
0.0186249701562791
0.0235393535691458
0.0316665207315059
0.0418219080209188
0.0682636748609358
0.0485524476162787
0.0484729350712645
0.0485987661132915
0.0484883749121148
0.0483069944276916
0.0480600958048213
0.0479953766245679
0.0481899045397989
0.0486615561132559
0.0497701289450971
0.0507698962844635
0.0504875795076509
0.0475730804698514
0.0426535449348399
0.0379586528844568
0.0337387923063664
0.0296312660656836
0.0257264955899474
0.0223294388090188
0.0196021706149996
0.0175063219486308
0.0159166411124994
0.0147163432491230
0.0137987369110908
0.0130901181012447
0.0125365561589801
0.0121024576687104
0.0117618231563594
0.0114885208543531
0.0112733852920279
0.0111086838636869
0.0109889513347037
0.0109065543221770
0.0108549558626640
0.0108279230262442
0.0108235520622758
0.0108308255910530
0.0108503405368527
0.0108764410196707
0.0109064847351585
0.0109386092433436
0.0109714413710255
0.0110037137643992
0.0110335222790923
0.0110686363260734
0.0111324077410921
0.0112104861290878
0.0112982374916727
0.0114021333475869
0.0115300523342619
0.0116923273498082
0.0119024548689382
0.0121789588094119
0.0125474934547381
0.0130505306314433
0.0137472012966448
0.0147495523721036
0.0162442705544014
0.0184898586213268
0.0219677026617668
0.0271198839705054
0.0357473615989509
0.0462520427272486
0.0742194452274596
0.0531388536312595
0.0534076134967064
0.0537340803853568
0.0541129634736090
0.0544975322890658
0.0549108690068932
0.0554170876495001
0.0560725755419691
0.0571842134195360
0.0584944297714092
0.0599429509748124
0.0615635006454441
0.0633570947781589
0.0643551469158179
0.0642008927082770
0.0630162368896295
0.0602345514157071
0.0555605504490409
0.0499084785806061
0.0442849389513295
0.0391994111401740
0.0348914468297040
0.0314181492475006
0.0286602631040813
0.0264693072765237
0.0247174453658070
0.0232963600762944
0.0221341645473536
0.0211774068986979
0.0203893456469322
0.0197420101868733
0.0192127919691144
0.0187823539311502
0.0184344521934217
0.0181542593559609
0.0179252584872913
0.0177343844346925
0.0175771630073615
0.0174476133794378
0.0173403990881752
0.0172510261138909
0.0171757578468223
0.0171113437774747
0.0170548667291015
0.0170176004754146
0.0170281555938114
0.0170592155070343
0.0170971921741207
0.0171460463760673
0.0172118696784836
0.0173063422166390
0.0174404069187371
0.0176297233609922
0.0178987342738230
0.0182940984103839
0.0188713331895640
0.0197589153876098
0.0211761827466115
0.0233979781095817
0.0269648345310075
0.0323080214717560
0.0414790352139007
0.0522905148896405
0.0820634001642072
0.0572007757065835
0.0577211491745148
0.0583107746439468
0.0589610359119111
0.0596655866777819
0.0604342065997623
0.0612715205646646
0.0622321400339152
0.0633262464297691
0.0646110756331695
0.0661159171101838
0.0678006805086502
0.0695490505633073
0.0713168917231648
0.0730486079754996
0.0746432036206134
0.0758614507731708
0.0766387330746807
0.0764012458353872
0.0752912168270569
0.0727871392229018
0.0689966561460566
0.0646918684579095
0.0602567609275832
0.0560274693269495
0.0522072071684046
0.0487890701593123
0.0457860847837690
0.0431902228323100
0.0409661752819004
0.0390694644372661
0.0374584394868050
0.0360908363619681
0.0349284682783179
0.0339408995330129
0.0330988488415656
0.0323770663189422
0.0317559395991867
0.0312188672772846
0.0307518218317184
0.0303431019551651
0.0299830708685770
0.0296639725995072
0.0293803168788222
0.0291490450487181
0.0290064943278293
0.0288980181195891
0.0287858928491311
0.0286675438017709
0.0285411640103891
0.0283997166628428
0.0282489447521941
0.0281019648545362
0.0279823229621666
0.0279592852638177
0.0280670444563825
0.0284989501229016
0.0295350285394175
0.0314176339896977
0.0348244930521933
0.0401691487505033
0.0498344285993885
0.0607927307651481
0.0926402096603580
0.0605013306027389
0.0611698531327730
0.0619063207059173
0.0627113572632222
0.0635867532514768
0.0645373397494291
0.0655703320265888
0.0666967789284173
0.0679285259853580
0.0692783539208164
0.0707517150392605
0.0723496962372681
0.0740705878184074
0.0758845582178590
0.0777676322124793
0.0796851461381355
0.0816203427146776
0.0835832765844677
0.0855501077246957
0.0875045528618854
0.0893908794628709
0.0910451288853054
0.0923214521809914
0.0928123102684347
0.0924931085465917
0.0915309027686533
0.0896847803286551
0.0872391340517930
0.0844664550511675
0.0815452199435634
0.0786045633706335
0.0757773054123668
0.0730816255984472
0.0706040138791394
0.0683572480482058
0.0663216402710518
0.0644911380921396
0.0628527682326421
0.0613894977499276
0.0600820013574206
0.0589113305122229
0.0578602146972699
0.0569141358174123
0.0560627949050177
0.0553319095105050
0.0547671090846843
0.0542585006711614
0.0537160260705576
0.0531162451148989
0.0524366300441901
0.0516561538903357
0.0507597583579673
0.0497414959327125
0.0486154646259684
0.0474400360316562
0.0463273761747876
0.0452913787335201
0.0449667931024968
0.0455183721435719
0.0480163105645030
0.0527615492485560
0.0625703204367519
0.0732641486789811
0.107296039483226
0.0631306316074492
0.0638627814645123
0.0646655172241649
0.0655425799599157
0.0664979613387503
0.0675368985143557
0.0686645227542727
0.0698875094142843
0.0712113128342454
0.0726426411446336
0.0741860306858498
0.0758467335929142
0.0776231656277854
0.0795118013562392
0.0815085026368857
0.0836074591999989
0.0858015765610685
0.0880917641335968
0.0904829523964844
0.0929794335257766
0.0955617848460625
0.0982061545954215
0.100894851572827
0.103615571062040
0.106316350040629
0.108963270704296
0.111459042773624
0.113713793555139
0.115631443732036
0.117156930050031
0.118205145644934
0.118812476426862
0.118823529329287
0.118603171453074
0.118102834334568
0.117244270271046
0.116189415852507
0.115012337655241
0.113772628337601
0.112509111072196
0.111246326571205
0.110002985041002
0.108789542278880
0.107611947229038
0.106518175217541
0.105591434997210
0.104700725435728
0.103706711198328
0.102552556723947
0.101172768426682
0.0994900557599977
0.0974228157999543
0.0948541689241959
0.0917723087538733
0.0881844433364951
0.0841707162250377
0.0798608038965811
0.0760111732168003
0.0728879872936413
0.0724952673095881
0.0745472253131366
0.0830684550274985
0.0926044691157567
0.128227227674636
0.0651801817806179
0.0659351843686878
0.0667631928909484
0.0676693875918393
0.0686590789870660
0.0697380153372586
0.0709119133063851
0.0721868218048091
0.0735682043870677
0.0750617972517504
0.0766721825401508
0.0784039809652697
0.0802596128804383
0.0822416940946829
0.0843497648699694
0.0865832800413245
0.0889382816529877
0.0914119990077410
0.0939979798894142
0.0966921041353463
0.0994868844549972
0.102379312630004
0.105356946648643
0.108407683659094
0.111503124877305
0.114623062009003
0.117737846892814
0.120835579092780
0.123889080421407
0.126893143874865
0.129811980846190
0.132640500006722
0.135330895847969
0.137882997948108
0.140265902042449
0.142475859342754
0.144485562434773
0.146308906685348
0.147930723515544
0.149374400442899
0.150633006287386
0.151733124424740
0.152673362175286
0.153482451204073
0.154151292772860
0.154776837686482
0.155409745159535
0.156065106254696
0.156748258383033
0.157455703270419
0.158113808516873
0.158659430622551
0.158623194577964
0.158095263959623
0.156409319265773
0.152767385776360
0.146716593266996
0.138308644362055
0.128406594695104
0.121201492943022
0.116650586150065
0.119409797064925
0.125361451224877
0.158969125661829
0.0666308685662208
0.0673971752131980
0.0682381140055263
0.0691596278072273
0.0701676359553730
0.0712684033279921
0.0724680752402400
0.0737730260276621
0.0751891085027408
0.0767222923233807
0.0783775281092971
0.0801597950243501
0.0820723895546929
0.0841185463157726
0.0862990140536132
0.0886145029419793
0.0910625072263791
0.0936406262853639
0.0963426833714860
0.0991628326596954
0.102090759542796
0.105116326983256
0.108224440606806
0.111402231879548
0.114631025248988
0.117897393549418
0.121179800135829
0.124464682999331
0.127726787456050
0.130953420956389
0.134116727377822
0.137208291416372
0.140200236024013
0.143091981533310
0.145857745908910
0.148505956419466
0.151012461918338
0.153393896250093
0.155626846034948
0.157734892121274
0.159694570209109
0.161535032261559
0.163232418987428
0.164820118478997
0.166276685485446
0.167700651024157
0.169175836145015
0.170825465582159
0.172734915948943
0.175052303046129
0.177884511330728
0.181447870138500
0.185851487548244
0.191371063439814
0.197980623379015
0.205712083113869
0.213315731543082
0.218220344785308
0.216823533072256
0.210839735492444
0.196570704544237
0.190427485654302
0.185238558588533
0.208779310733603
0.0674892923007345
0.0682653398942879
0.0691171918204725
0.0700509587801175
0.0710728932263823
0.0721893684796803
0.0734068498530200
0.0747317483342312
0.0761702958499231
0.0777284458650406
0.0794116032200516
0.0812246777498227
0.0831715376618313
0.0852552945925090
0.0874774300576176
0.0898384889036799
0.0923367045002463
0.0949693103824420
0.0977306426797359
0.100613956423492
0.103608643464050
0.106703488760196
0.109884622904105
0.113137384700489
0.116444206879631
0.119788186408080
0.123148852313286
0.126508939167185
0.129846567102630
0.133146440999959
0.136386803088003
0.139556350278730
0.142634497538211
0.145615239019188
0.148479667610803
0.151227669777101
0.153842266843772
0.156329251847017
0.158673664105437
0.160886655885073
0.162955186306925
0.164894731788602
0.166693940295708
0.168371296396786
0.169919734963819
0.171420935458513
0.172978135463350
0.174715611337288
0.176729919223752
0.179169942565104
0.182166662337476
0.185946393938049
0.190699823614487
0.196804343034158
0.204534801210878
0.214602370199913
0.227273484506655
0.244020628928081
0.264369800688699
0.286731284715722
0.295648054430179
0.300743995231860
0.286059662708654
0.293725524347718
0.0678885367714152
0.0686709604970163
0.0695299271442479
0.0704713574699565
0.0715018475433889
0.0726275084125169
0.0738552164493292
0.0751909758678097
0.0766415665536204
0.0782123411878859
0.0799094625788981
0.0817369694514616
0.0836997078796495
0.0857995955166829
0.0880393862858900
0.0904180166867716
0.0929352448403189
0.0955863490802572
0.0983672502136561
0.101269202868786
0.104284070977324
0.107399585495596
0.110602483470376
0.113877368911903
0.117208409797170
0.120576657236234
0.123963901652336
0.127350213000427
0.130716504467288
0.134043839136782
0.137313730474604
0.140510151217699
0.143616509199710
0.146621199784504
0.149510425346261
0.152277837834634
0.154912834289290
0.157414388079625
0.159775014283567
0.161998430786000
0.164079875238388
0.166026791939327
0.167836603601022
0.169519317397514
0.171076858718335
0.172580538336721
0.174142381423187
0.175883840880190
0.177906915426292
0.180356726017322
0.183374511638605
0.187180558010663
0.191987464232279
0.198155457244292
0.206002221210710
0.216136349979494
0.228946089558321
0.245445212444969
0.265627396291149
0.291735145657407
0.321456164536901
0.361832168447232
0.376568384728290
0.380364667550231
0.0680076052632936
0.0687925192372949
0.0696542080921139
0.0705982313392213
0.0716314927026742
0.0727596420368221
0.0739899524308237
0.0753277947367008
0.0767804837523667
0.0783524854231077
0.0800507252627729
0.0818779668020707
0.0838401681095979
0.0859374064759319
0.0881740862603206
0.0905464540070917
0.0930568454397544
0.0956964758892346
0.0984654058191145
0.101348753262366
0.104344485974593
0.107430966660293
0.110604883619274
0.113837655000042
0.117125193469005
0.120433565073526
0.123760160655045
0.127066643336214
0.130353758226466
0.133580715200072
0.136753218996073
0.139830155581184
0.142823134220488
0.145692674886712
0.148456349467897
0.151077823107017
0.153579856063085
0.155930195939202
0.158155428680424
0.160227764151288
0.162175981309024
0.163976688936160
0.165659284276020
0.167204402713971
0.168643406015589
0.170011664007234
0.171435535237976
0.173009010020317
0.174839811546112
0.177032459791976
0.179733499686033
0.183088154493007
0.187310105951137
0.192599916011799
0.199259204888064
0.207519669461342
0.217731360499958
0.229993728715000
0.244466960340426
0.260744591694998
0.277985057335780
0.296368610237194
0.311971578640454
0.364363832590122
0.0680215817514149
0.0687311227823431
0.0695078312422980
0.0703554686130817
0.0712798744824137
0.0722843567710373
0.0733748314965338
0.0745536278596768
0.0758263813053029
0.0771936549347596
0.0786603890327312
0.0802244320202471
0.0818895770970838
0.0836498518251620
0.0855076035755312
0.0874519140185025
0.0894836833527875
0.0915860466752901
0.0937590726552649
0.0959792690921434
0.0982471934362858
0.100532571296443
0.102838542244330
0.105128391043721
0.107410497249378
0.109642439667521
0.111840479919310
0.113957471315574
0.116019636235258
0.117976002567384
0.119863681815509
0.121628719923025
0.123318673209462
0.124877382741789
0.126361150626138
0.127712470473452
0.128993818239568
0.130147356246603
0.131238806601173
0.132211146801907
0.133130513256563
0.133941879511029
0.134709387027633
0.135381070583326
0.136018442392397
0.136582970548135
0.137159750207955
0.137789441102809
0.138506349932340
0.139350354555517
0.140359294613754
0.141578263570743
0.143044449959952
0.144799280583888
0.146858060785480
0.149230709499456
0.151868243801369
0.154723938215136
0.157685029115114
0.160794900783348
0.164140002164350
0.168607437753599
0.173689939204457
0.185160629799663
0.0287072577818307
0.0287420163804085
0.0287781926499587
0.0288155959595163
0.0288539987490176
0.0288931388962617
0.0289327093288608
0.0289723830088076
0.0290118179379264
0.0290506547289857
0.0290885583969056
0.0291251990456150
0.0291602973651651
0.0291936171192305
0.0292249828550177
0.0292542839051841
0.0292814891216076
0.0293066152424661
0.0293297543993825
0.0293510374094821
0.0293706370028872
0.0293887383700570
0.0294055460383036
0.0294212339300227
0.0294360105417301
0.0294499823811063
0.0294633408907097
0.0294760976761711
0.0294884491577248
0.0295002807320465
0.0295118294243174
0.0295228435363690
0.0295336554876287
0.0295438516169270
0.0295539077892483
0.0295632290404991
0.0295724806136938
0.0295808701010015
0.0295892761693136
0.0295966967931739
0.0296042370886708
0.0296106961556984
0.0296173775129001
0.0296229087840847
0.0296287786911056
0.0296332346113976
0.0296378752817047
0.0296430393501506
0.0296490873373462
0.0296564145123795
0.0296655344192479
0.0296770797188505
0.0296918796450348
0.0297110100669370
0.0297358962071873
0.0297684187298175
0.0298110837341024
0.0298671555513837
0.0299409758572438
0.0300379714202039
0.0301654001165368
0.0303298032475334
0.0305399128594894
0.0308348033980027
)
;

boundaryField
{
    axis
    {
        type            empty;
    }
    inlet
    {
        type            calculated;
        value           uniform 0.0015;
    }
    wedge1
    {
        type            wedge;
    }
    wedge2
    {
        type            wedge;
    }
    wall1
    {
        type            calculated;
        value           nonuniform List<scalar> 
24
(
1.49592195519058e-06
1.60859327255569e-06
1.70952692567391e-06
1.75085881375674e-06
1.73419544836715e-06
1.67219795470023e-06
1.57862956619451e-06
1.46630433230876e-06
1.34623039825099e-06
1.22754838403131e-06
1.11763483505411e-06
1.02188153917964e-06
9.43378106435616e-07
8.84006204379865e-07
8.43706899496698e-07
8.21989771734674e-07
8.15830305991026e-07
8.26689929059919e-07
8.50512147796966e-07
8.89604273061114e-07
9.40511535571491e-07
1.00753290033196e-06
1.08512327673200e-06
1.14984748359736e-06
)
;
    }
    inflow1
    {
        type            calculated;
        value           uniform 0.0015;
    }
    wall2
    {
        type            calculated;
        value           nonuniform List<scalar> 
15
(
9.60839469302226e-05
9.75515097822801e-05
9.87906522546121e-05
9.99780728090715e-05
0.000101132756656151
0.000102356083508234
0.000103590464133138
8.48500599741436e-05
8.42583531308866e-05
8.80099789938662e-05
9.10866792954704e-05
9.31659904446165e-05
9.36996777096516e-05
9.30934586736213e-05
8.54851768916983e-05
)
;
    }
    inflow2
    {
        type            calculated;
        value           uniform 0.0015;
    }
    outlet
    {
        type            zeroGradient;
    }
    wall3
    {
        type            calculated;
        value           nonuniform List<scalar> 
8
(
0.000131704494331051
0.000132544910082534
0.000135103568916547
0.000140020836584705
0.000148692600975881
0.000162918079683682
0.000186681866602936
0.000226300293823097
)
;
    }
}


// ************************************************************************* //
