/*--------------------------------*- C++ -*----------------------------------*\
| =========                 |                                                 |
| \\      /  F ield         | OpenFOAM: The Open Source CFD Toolbox           |
|  \\    /   O peration     | Version:  v1912                                 |
|   \\  /    A nd           | Website:  www.openfoam.com                      |
|    \\/     M anipulation  |                                                 |
\*---------------------------------------------------------------------------*/
FoamFile
{
    version     2.0;
    format      ascii;
    class       volScalarField;
    location    "60000";
    object      k;
}
// * * * * * * * * * * * * * * * * * * * * * * * * * * * * * * * * * * * * * //

dimensions      [0 2 -2 0 0 0 0];


internalField   nonuniform List<scalar> 
4520
(
0.00091676277
0.00071297572
0.00057119451
0.00048766162
0.0004201591
0.0003882615
0.00036190462
0.00036358489
0.00037558132
0.00039644784
0.00044929929
0.00049768712
0.00058252754
0.00067162088
0.00077957961
0.00088770865
0.00099154559
0.0010759476
0.0011349304
0.0011690399
0.001185363
0.0011824366
0.0011815073
0.0011789615
0.00091676311
0.00071295778
0.00057067256
0.00048720468
0.00041786375
0.00038468862
0.00035410998
0.00035088103
0.00035774189
0.00037514152
0.0004145877
0.00047437714
0.00054624167
0.00066335883
0.0007739924
0.00091619203
0.0010231037
0.0011244643
0.0011730671
0.0012093836
0.0012090439
0.0012058118
0.0011987782
0.0011895997
0.00091746521
0.00071291674
0.00057133682
0.00048688571
0.0004182132
0.00038409769
0.00035394111
0.00034985802
0.00035671521
0.00037292538
0.0004156788
0.00046113751
0.00055206127
0.00064051724
0.00075829818
0.00087471728
0.0009832496
0.0010686583
0.0011244802
0.0011560392
0.00116583
0.001165276
0.0011621401
0.0011582579
0.00091812315
0.00071277358
0.00057182494
0.0004866334
0.00041848732
0.00038379921
0.00035394767
0.00034945187
0.00035628482
0.00037203537
0.00041471899
0.00045995337
0.00055218028
0.0006384044
0.00075792424
0.00087566613
0.00098764271
0.0010760849
0.0011348028
0.0011675698
0.0011782125
0.001176581
0.001173849
0.0011701484
0.00091858754
0.00071268382
0.00057196876
0.00048619013
0.00041836928
0.00038329079
0.00035364998
0.00034890807
0.00035577516
0.0003711683
0.00041418017
0.00045916669
0.000554316
0.00063516368
0.00075885294
0.00087444499
0.00098957489
0.0010788821
0.0011399815
0.0011733981
0.0011853256
0.0011847818
0.0011806874
0.0011785266
0.00091895987
0.00071233084
0.00057163132
0.00048528955
0.00041766078
0.00038226085
0.00035278323
0.00034782621
0.00035465038
0.0003699651
0.00041260222
0.00045747262
0.0005554775
0.00062978625
0.00076223081
0.00087307146
0.00099628859
0.0010845734
0.0011522691
0.0011858159
0.0012015851
0.0012017242
0.0011983962
0.0011970849
0.0009191679
0.00071154422
0.00057050502
0.00048346983
0.0004159002
0.00038018305
0.00035082363
0.00034566061
0.00035236911
0.00036779537
0.00040942054
0.00045481623
0.00055106838
0.00062841174
0.00076450983
0.00087627178
0.0010069324
0.0010959524
0.0011704006
0.0012055786
0.0012260538
0.0012251007
0.0012243644
0.0012237349
0.00091915884
0.00071010623
0.00056821676
0.000480335
0.00041262429
0.00037664106
0.00034732585
0.00034202149
0.00034839526
0.00036441535
0.00040182603
0.0004485059
0.00054179789
0.0006290253
0.00076484003
0.00088397892
0.0010198974
0.001116919
0.0011993834
0.0012379612
0.0012649373
0.0012673541
0.00126433
0.0012650383
0.00091889869
0.00070789934
0.00056459341
0.00047570746
0.00040764443
0.00037148149
0.00034212517
0.00033678662
0.00034318182
0.0003592687
0.00039719622
0.00044422388
0.00054010457
0.00063103463
0.00077153893
0.00089857195
0.0010439691
0.0011524194
0.0012428638
0.0012890744
0.001317716
0.0013233492
0.0013209155
0.0013216305
0.00091841384
0.0007050725
0.00055992594
0.00046995205
0.00040139799
0.00036515457
0.00033569734
0.00033042731
0.00033688153
0.00035314058
0.00039171758
0.00044066769
0.00053841035
0.00063306387
0.00078315832
0.00092216995
0.0010795886
0.0012032173
0.0013029504
0.0013595547
0.0013908593
0.0014004485
0.001398343
0.0013987621
0.00091782065
0.0007020384
0.00055494181
0.00046391827
0.00039486845
0.00035860102
0.00032904223
0.00032386656
0.00033042874
0.00034669432
0.00038656719
0.00043680271
0.00053630921
0.00063653949
0.00079352616
0.00094845464
0.0011180794
0.001262792
0.001375289
0.0014462907
0.0014823862
0.0014963286
0.001494827
0.0014938367
0.00091724516
0.00069928656
0.00055043559
0.00045850841
0.00038905102
0.00035275455
0.00032314601
0.00031800868
0.00032454891
0.0003414463
0.00037798955
0.000438918
0.0005270663
0.00064955237
0.00079886731
0.00097543485
0.0011540841
0.001320163
0.001447358
0.0015333587
0.0015784852
0.0015983497
0.0015975275
0.0015961019
0.00091680281
0.00069713002
0.00054688672
0.00045424758
0.00038448314
0.00034812982
0.00031852732
0.0003133529
0.00032003865
0.00033686086
0.00037593453
0.00044324176
0.00052096512
0.00066495786
0.00080165766
0.0010033199
0.0011900201
0.0013770454
0.0015176551
0.0016175153
0.0016698086
0.0016960761
0.0016948205
0.0016912048
0.00091671704
0.00069553561
0.00054420343
0.000451032
0.00038106965
0.00034463924
0.00031507776
0.00030976904
0.0003153902
0.0003346803
0.00036626082
0.000428969
0.0005302362
0.00064570528
0.00084738959
0.00097501544
0.0012354689
0.0013878062
0.0015806276
0.001661766
0.0017503379
0.0017611072
0.0018112223
0.001843157
0.00092033348
0.00069046062
0.00054114969
0.0004488068
0.00037957675
0.00034382828
0.0003180963
0.00032453197
0.00035166383
0.00032282672
0.00047782142
0.00033556856
0.00075587484
0.00055743117
0.0012291684
0.0010815004
0.0018043823
0.00171133
0.0022917604
0.0021884254
0.0024827085
0.002935314
0.0062593309
0.019932813
0.00093756015
0.00065348398
0.00059667819
0.00056524348
0.00067086656
0.0010335676
0.0018174406
0.0032371695
0.0055089813
0.0016804446
0.01307937
0.004350994
0.025623798
0.011530674
0.044525696
0.023774738
0.068891389
0.030658459
0.10529026
0.050606371
0.14569186
0.22347263
0.44698699
1.3994533
0.00092437464
0.00068683992
0.0032194334
0.0085690402
0.023072226
0.048507039
0.084141569
0.12861399
0.1808223
0.16515045
0.33473158
0.20277342
0.55743856
0.2729641
0.90662947
0.32076053
1.5265386
0.25146988
2.9111034
0.83427288
5.5640533
7.1790045
12.050548
25.029536
0.00095044796
0.0012796418
0.060951467
0.22695337
0.45080227
0.64337567
0.8005008
0.95547516
1.1297267
1.1864153
1.9056404
1.3967463
3.3490988
1.8045629
6.1944462
2.7229656
12.183057
6.3184229
24.529899
16.830204
46.152022
46.19419
74.627723
92.658315
0.0020447153
0.0054796669
0.5908705
1.2985826
1.613336
1.7399354
1.8939344
2.1741767
2.5864621
2.9847127
5.0482531
4.4288063
9.8149903
7.6632593
19.743286
15.676443
39.979775
36.453008
72.357696
70.245406
111.40126
113.27323
159.56374
161.53691
0.0098220041
0.011359215
1.3490269
2.2236107
2.1917252
2.313133
2.6764691
3.3143163
4.1812401
5.4979789
9.0203753
10.098452
18.252506
19.550422
37.642501
41.570205
74.222438
83.742074
124.06345
133.23882
172.41709
179.39185
218.9323
206.11155
0.016991212
0.0056469593
1.1731862
1.7295831
1.8457251
2.2176014
2.8851147
3.9415118
5.4274136
8.0980459
12.318434
16.151146
25.823808
33.385063
55.001509
70.221693
107.8557
129.65159
170.68455
188.01201
221.22348
230.27984
252.16798
230.73719
0.0090738054
0.0014833319
0.19634045
0.36061766
0.44930117
0.64679413
1.0466333
1.8573365
3.3434705
6.8767227
12.076493
18.780985
30.925293
44.862903
70.133279
93.354255
136.27832
167.03785
207.85626
229.72353
255.87511
261.22314
264.87784
245.85051
0.016681555
0.0019812605
0.014773899
0.02889638
0.038914527
0.059115402
0.10069895
0.19082739
0.37846945
0.92198439
2.0224411
4.1175686
10.011047
21.704926
49.672059
84.767074
136.96873
181.33451
227.72033
255.50207
276.57926
276.16952
263.57413
255.61767
0.13996021
0.017097303
0.014150196
0.032028999
0.055267241
0.087320196
0.14072476
0.23618446
0.40804724
0.75211375
1.3991071
2.489397
4.8099402
8.846049
17.648793
30.254125
51.455145
73.144285
97.524597
113.70236
124.14857
119.59743
106.74732
109.86325
0.029692553
0.003440151
0.0024190052
0.002588887
0.0037290879
0.0062515868
0.015610488
0.004022936
0.00062625937
0.0055445899
0.02274731
0.073796799
0.25028148
0.51511062
2.0278251
0.0056258741
0.00085329023
0.00051041833
0.00061899216
0.001430419
0.0021777725
0.0080768807
0.0026860681
0.0041795956
0.0053175009
0.0096193037
0.025866057
0.080822549
0.42820818
1.363516
0.0021090951
0.0012150587
0.0013160313
0.0021386649
0.0075049988
0.0095688489
0.035178303
0.017961235
0.038419162
0.038797815
0.041891775
0.05374365
0.067411931
0.25143547
0.43418885
0.00094928657
0.0013719854
0.0029700775
0.0056495616
0.018331923
0.015887688
0.047823494
0.044370345
0.10530007
0.091208874
0.071784514
0.069807227
0.063521229
0.095477501
0.0080211817
0.00050904887
0.00071045063
0.001650514
0.0036193127
0.012224317
0.0032994899
0.031864903
0.031760794
0.1273754
0.11045535
0.08417233
0.075222213
0.065729025
0.082605998
0.044750734
0.00040740159
0.00027185855
0.00037903329
0.00067956438
0.0023187413
0.0006222312
0.0081829138
0.0069599929
0.099210769
0.097420731
0.085662063
0.069914818
0.064652879
0.053587722
0.093989711
0.00040343521
0.00018004158
0.00011184638
0.00011260515
0.00019060584
0.00012095834
0.0007025894
0.00091402216
0.033009445
0.059476625
0.053738614
0.042390922
0.034790113
0.021683261
0.025739045
0.0004048214
0.00017038966
9.8795242e-05
6.5635875e-05
5.4079373e-05
4.4038902e-05
1.1906773e-05
0.0001230119
0.0051283275
0.014887368
0.014773902
0.012030301
0.010023523
0.0060627376
0.006268951
0.00040512983
0.00017021087
9.7338435e-05
6.5997582e-05
4.8685718e-05
3.8587628e-05
2.9125449e-05
4.1043629e-05
0.00062030189
0.0016810128
0.0018628298
0.0016179644
0.0014531953
0.0011177262
0.0013221096
0.00040527871
0.00017007851
9.7231185e-05
6.58166e-05
4.8595168e-05
3.8349421e-05
2.9012639e-05
2.9357748e-05
9.0372755e-05
0.00020789203
0.00022841135
0.00020248477
0.00019781714
0.00017455053
0.00021148517
0.00040541186
0.00016980939
9.7227544e-05
6.543709e-05
4.8848573e-05
3.7593183e-05
3.0171875e-05
2.5987562e-05
3.091502e-05
4.3090113e-05
4.3193539e-05
4.2723608e-05
4.3576841e-05
4.4873618e-05
4.9807642e-05
0.00040550247
0.00016962172
9.6978922e-05
6.533131e-05
4.8589664e-05
3.7507758e-05
2.9697866e-05
2.5001838e-05
2.2038318e-05
2.1842715e-05
2.1154832e-05
2.1457801e-05
2.2106988e-05
2.3284828e-05
2.5477868e-05
0.00040558609
0.00016943664
9.6711269e-05
6.5229686e-05
4.8287249e-05
3.7476683e-05
2.9035445e-05
2.4544987e-05
2.0483555e-05
1.8578535e-05
1.6809778e-05
1.6865712e-05
1.7246293e-05
1.7823723e-05
1.90569e-05
0.00040568032
0.00016925276
9.6522936e-05
6.5001668e-05
4.809831e-05
3.7182847e-05
2.8699157e-05
2.367081e-05
1.9959561e-05
1.739763e-05
1.5928442e-05
1.5245815e-05
1.5324043e-05
1.5548394e-05
1.5901136e-05
0.00040578236
0.00016913684
9.632e-05
6.4816159e-05
4.7840951e-05
3.6924223e-05
2.8324805e-05
2.3072128e-05
1.9114575e-05
1.6829698e-05
1.5065618e-05
1.4398339e-05
1.4028562e-05
1.3977598e-05
1.4043527e-05
0.00040590235
0.00016905401
9.6174871e-05
6.4577985e-05
4.7633646e-05
3.6566966e-05
2.8096902e-05
2.2395912e-05
1.8682261e-05
1.5968248e-05
1.4613409e-05
1.3492771e-05
1.3187621e-05
1.2831199e-05
1.278433e-05
0.00040603378
0.00016901291
9.6040941e-05
6.4376079e-05
4.7404267e-05
3.6269335e-05
2.7841796e-05
2.192315e-05
1.8156067e-05
1.5462384e-05
1.3990712e-05
1.2911607e-05
1.2446064e-05
1.2069764e-05
1.1928892e-05
0.00040617605
0.00016899824
9.593753e-05
6.4217475e-05
4.7209435e-05
3.6048776e-05
2.7622182e-05
2.1637796e-05
1.7744619e-05
1.5081322e-05
1.3512088e-05
1.2459664e-05
1.1912488e-05
1.1537255e-05
1.1354648e-05
0.00040632621
0.00016901084
9.5878339e-05
6.4115879e-05
4.7080976e-05
3.59092e-05
2.7484129e-05
2.1474578e-05
1.7492751e-05
1.4833931e-05
1.319958e-05
1.2159428e-05
1.1568805e-05
1.1197514e-05
1.0994784e-05
0.00040647524
0.00016904757
9.5861474e-05
6.4070034e-05
4.701666e-05
3.584403e-05
2.7425849e-05
2.1399504e-05
1.7367652e-05
1.4704238e-05
1.3033177e-05
1.1995625e-05
1.1382614e-05
1.101216e-05
1.0799228e-05
0.00040660517
0.00016909134
9.5869207e-05
6.4058954e-05
4.699452e-05
3.5828657e-05
2.7424442e-05
2.1386674e-05
1.7325834e-05
1.4655851e-05
1.2966862e-05
1.1927564e-05
1.1303244e-05
1.0931031e-05
1.0712394e-05
0.00040669065
0.00016912559
9.5883847e-05
6.4064053e-05
4.6994264e-05
3.5843279e-05
2.7467637e-05
2.1417137e-05
1.7334532e-05
1.465602e-05
1.2959389e-05
1.1915971e-05
1.128547e-05
1.0909695e-05
1.0687041e-05
0.00040669429
0.00016912809
9.5895427e-05
6.4090051e-05
4.7044169e-05
3.5945877e-05
2.7665315e-05
2.1615981e-05
1.7374287e-05
1.477661e-05
1.2934099e-05
1.1982004e-05
1.1258543e-05
1.0931026e-05
1.0665853e-05
0.00040781011
0.00017305132
0.00010280425
7.4018776e-05
5.9890234e-05
5.1893107e-05
4.6971008e-05
4.4479176e-05
4.3315169e-05
4.290832e-05
4.2722208e-05
4.2706844e-05
4.2721383e-05
4.2745177e-05
4.2771737e-05
0.0011732208
0.0011687471
0.0011618659
0.0011563231
0.0011492003
0.0011446154
0.001137919
0.0011264765
0.0011071316
0.0010893078
0.0010709086
0.0010523097
0.0010301912
0.001009206
0.00098444253
0.00096393309
0.00093798972
0.00091776404
0.000891659
0.00087235221
0.00084689205
0.00082909182
0.00080498726
0.00078903842
0.00076664482
0.00075256922
0.00073187457
0.00071962119
0.0007004908
0.00069015587
0.00067259169
0.00066419987
0.00064805434
0.009381657
4.1934903
53.786496
164.89443
258.03193
330.68956
390.39778
438.20141
477.60904
507.68381
532.16289
549.61068
564.17497
576.65382
587.91821
598.21793
607.57842
614.65647
616.52334
613.50263
599.39109
571.43036
529.49504
473.60187
406.86337
334.62706
263.04753
198.29568
142.32006
102.00571
60.987399
0.0011851389
0.0011792142
0.0011737807
0.0011664424
0.0011609987
0.0011543287
0.0011486465
0.0011356007
0.0011186854
0.0010983455
0.0010818218
0.0010598658
0.0010406818
0.0010159691
0.00099561462
0.00097011181
0.00094978731
0.00092329124
0.00090332205
0.00087682853
0.00085797327
0.00083236004
0.00081530242
0.00079131489
0.000776424
0.00075441369
0.00074170903
0.00072171863
0.00071106123
0.00069273993
0.00068516809
0.00066063639
0.0011951954
0.48713228
18.127253
85.745109
184.10845
269.02364
338.32448
396.07714
442.62787
481.18975
510.72685
534.83501
551.9881
566.38308
578.67841
589.74865
599.83296
608.95615
615.78542
617.47156
614.26955
599.94649
571.84185
529.7805
473.79397
406.99197
334.71572
263.11177
198.34427
142.356
102.03404
61.001527
0.0011539086
0.0011482294
0.0011429633
0.0011365711
0.001131817
0.0011267296
0.0011214631
0.0011097884
0.0010934527
0.001074195
0.0010589776
0.001038424
0.0010203842
0.00099657009
0.0009771766
0.00095204558
0.00093237662
0.00090667469
0.00088720561
0.00086172572
0.00084305393
0.00081860211
0.00080137639
0.00077855011
0.00076340993
0.00074235858
0.00072969369
0.00071030509
0.00070025296
0.00066817413
0.000662153
0.0005963599
0.17571169
8.4294939
56.406745
143.3314
222.23674
294.86557
357.17555
410.38087
453.86111
490.27482
518.3953
541.4979
557.85771
571.7979
583.63304
594.22844
603.79585
612.3525
618.58021
619.8231
616.15572
601.30307
572.8383
530.45741
474.2303
407.26211
334.88067
263.21471
198.41177
142.40114
102.06724
61.017677
0.0011646405
0.0011592106
0.0011529202
0.0011468458
0.0011408649
0.0011362048
0.0011306478
0.0011193013
0.0011006941
0.0010830663
0.0010642911
0.0010459085
0.0010237512
0.0010030813
0.00097922185
0.00095790254
0.00093353553
0.00091202959
0.00088767623
0.00086687419
0.00084308015
0.00082389258
0.00080115492
0.0007842699
0.00076291958
0.00074866771
0.00072877069
0.00071751643
0.00069444228
0.0045148192
0.0059751596
0.19121577
6.2358383
45.770159
129.47633
207.25204
273.71902
334.56089
387.9714
434.49848
473.09792
505.92262
531.56957
552.85668
567.79472
580.92536
591.97723
601.78047
610.49806
618.12455
623.35354
623.85716
619.35548
603.60946
574.52634
531.59532
474.95183
407.69492
335.13068
263.35833
198.49702
142.45341
102.10313
61.034583
0.0011724861
0.0011670385
0.0011596005
0.0011534668
0.0011464321
0.0011423055
0.0011362488
0.0011253923
0.0011059622
0.0010886489
0.0010691134
0.0010509923
0.001027983
0.0010076107
0.00098267266
0.00096201772
0.00093605323
0.00091595762
0.00088969127
0.00087039441
0.00084536126
0.00082666849
0.00080397387
0.00078664164
0.0007654431
0.00075493007
0.00071060995
0.00073065487
0.00049006584
0.024859871
0.51879812
8.5045593
48.088429
132.77987
210.16516
277.77613
334.92452
385.82972
430.11419
468.76116
501.04527
528.93319
550.98623
569.53632
582.33769
594.2537
604.16629
612.83487
620.34623
626.64922
630.44458
629.89531
624.06772
607.04484
577.03222
533.2784
476.0101
408.31907
335.48
263.54882
198.6022
142.51324
102.14151
61.05197
0.0011913531
0.0011852974
0.0011774372
0.0011706977
0.0011635203
0.0011596994
0.0011543054
0.0011433436
0.001123724
0.0011046499
0.0010854787
0.0010640903
0.0010427712
0.0010180813
0.00099581934
0.00097056751
0.0009475722
0.00092271063
0.00090044673
0.00087519926
0.0008551561
0.00083276609
0.00081143052
0.00079365344
0.00078771646
0.00075927671
0.0012633823
0.020919513
0.06651615
1.8377355
17.453845
67.511468
155.11566
230.78769
296.60916
354.46498
403.32604
445.78205
481.6401
512.21915
537.4657
559.43839
576.92645
591.84738
601.8094
612.09356
620.50728
627.70077
633.65093
638.2311
640.17402
638.19729
630.46602
611.79897
580.48288
535.59344
477.45957
409.16558
335.9445
263.79333
198.73004
142.58138
102.18242
61.069642
0.0012180555
0.0012115687
0.0012029254
0.0011951589
0.0011882554
0.0011847867
0.0011800605
0.0011695435
0.0011497128
0.0011292041
0.0011079493
0.0010869286
0.0010609764
0.0010398914
0.0010099094
0.00099110343
0.00095950692
0.00094027902
0.00091047804
0.00090150249
0.00083172933
0.00085359907
0.00055898086
0.0007884572
0.011887356
0.043343356
0.23565974
1.3765416
9.5063836
40.307438
113.78952
197.25486
269.62025
333.11925
387.88025
435.92277
476.60283
511.38993
539.74276
562.79764
581.04569
596.69134
609.03433
619.63753
626.21356
634.486
641.07582
646.49036
650.55647
653.04121
652.81447
648.8634
638.7107
618.04151
584.99267
538.62212
479.35344
410.26567
336.54054
264.09943
198.88351
142.65873
102.22593
61.087405
0.0012588822
0.0012506481
0.0012419323
0.0012327111
0.001226329
0.0012241793
0.0012207941
0.0012108438
0.0011900206
0.0011663117
0.0011420446
0.0011175961
0.0010891714
0.0010637213
0.0010357825
0.0010098635
0.00098280586
0.00095219627
0.00090461308
0.0008321172
0.0045060444
0.020763242
0.056508541
0.26137123
0.68440961
2.4812917
13.255573
39.555368
101.63556
185.26265
260.65648
327.91004
386.43096
437.49875
481.25985
519.59304
552.10759
579.65173
601.35205
617.75181
629.59772
639.14945
646.29177
652.23917
655.18629
661.14784
665.66267
669.06605
670.98701
671.07026
668.50383
661.82278
648.9649
625.86376
590.64877
542.43259
481.73914
411.6486
337.28404
264.47468
199.06569
142.74621
102.27214
61.105054
0.0013139294
0.0013032953
0.0012938863
0.0012827457
0.0012787507
0.0012798701
0.0012757397
0.001269788
0.0012462052
0.0012253267
0.0011955286
0.0011613389
0.0011407783
0.0011017306
0.0010919698
0.00078248554
0.0012286465
0.00013675774
0.0054479686
0.24903244
0.19099876
1.0076845
4.438354
12.61643
33.253355
68.052072
128.67458
202.75105
276.10589
342.84232
402.5869
455.35459
500.54959
539.66895
573.04721
602.25171
626.97394
647.77202
663.54385
674.19126
680.60022
684.79893
687.18396
688.54243
688.01761
691.4635
693.76038
695.01972
694.61786
692.29452
686.7789
677.14873
661.23279
635.29042
597.49607
547.07013
484.65323
413.33919
338.18943
264.92625
199.27955
142.84474
102.32118
61.122374
0.0013885873
0.0013761086
0.0013617389
0.0013533374
0.0013455515
0.0013475901
0.0014144242
0.0013805229
0.0013320483
0.0012960583
0.0012578185
0.0012643696
0.00097780453
0.0003082943
0.003333364
0.041773078
0.077314831
0.95791816
3.5739566
10.028567
26.552877
50.335401
91.69274
137.40448
197.86717
257.99149
321.30185
381.04854
438.0484
489.62133
534.69763
573.91273
607.04167
635.53745
659.73873
680.86536
698.61408
713.34217
723.84131
729.64046
731.71179
731.58205
729.98861
727.36193
723.60112
724.52061
724.59473
723.70778
720.98418
715.94807
707.46088
694.63648
675.38412
646.2594
605.52264
552.54733
488.11563
415.3549
339.2683
265.4604
199.52783
142.95521
102.37316
61.139137
0.0014806706
0.0014633033
0.0014518303
0.0014327262
0.0013818018
0.0019863278
0.0091567223
0.0069391142
0.0033345365
0.0012040767
0.016153461
0.030397029
0.037505573
0.17770096
1.2998312
6.7127089
20.739002
49.661162
89.911327
134.61283
189.35196
241.36271
295.92156
347.02219
397.31918
445.08139
493.75788
539.62955
582.13502
619.77734
652.00184
679.63874
702.65469
722.33271
738.89932
753.2819
765.08912
774.55959
780.47701
782.28787
781.30538
778.1183
772.7417
767.46326
760.41937
759.29523
757.33963
754.2065
749.15735
741.50523
730.02758
713.90272
691.15418
658.60906
614.64819
558.83531
492.12407
417.7028
340.52803
266.08189
199.81286
143.07837
102.42818
61.15511
0.0015829879
0.0015638845
0.001546374
0.0015343362
0.0039815985
0.055551289
0.55757791
0.61378083
0.38501961
0.41127395
0.41228752
0.77102537
3.9112462
19.455589
61.265066
129.08097
195.14091
259.80518
313.83039
365.03583
410.15542
450.69433
491.69814
530.25461
568.82342
605.15606
641.17298
674.56292
704.69984
730.80737
752.66677
771.11202
786.17481
798.90139
809.39269
818.36313
825.3031
830.36151
832.35992
831.50588
828.11913
822.27468
814.374
807.09929
797.65873
794.60013
790.76189
785.56453
778.31178
768.16347
753.80143
734.41615
708.14988
672.0757
624.71818
565.85739
496.64919
420.37656
341.97029
266.79338
200.13625
143.21481
102.48631
61.170059
0.0016801353
0.0016591703
0.0016511248
0.0016145857
0.062491796
1.7072263
15.404838
24.700825
24.247486
21.654336
27.661681
41.115447
97.463531
212.1862
314.29812
394.82948
452.05176
496.20005
531.78578
565.38877
596.65364
625.72565
655.2096
683.07206
711.04931
737.15462
762.63921
785.84377
806.25336
823.46398
837.42159
848.89553
857.93057
865.32963
871.11469
875.82602
878.84912
880.24492
879.47083
876.5571
870.80517
863.34671
853.7778
845.06859
834.09455
829.30475
823.7655
816.72396
807.46569
795.03031
778.00103
755.53398
725.87157
686.30314
635.50546
573.4868
501.63145
423.35411
343.58964
267.59477
200.49873
143.36487
102.5476
61.183752
0.0017802168
0.0017841337
0.0016121482
0.030626623
3.8722374
36.564046
158.77793
176.53033
164.94109
174.26398
188.4375
257.43306
400.20345
516.43481
585.37788
631.35285
662.24044
686.45245
706.71395
727.44374
747.49463
766.98331
787.08875
806.2747
825.71844
843.71494
861.04239
876.44144
889.51437
900.09754
908.18046
914.46867
919.00082
922.33656
924.51064
925.85101
925.71544
924.51678
921.49347
916.51173
909.17713
900.65231
890.08405
880.40877
868.58661
862.32776
855.30147
846.66024
835.64459
821.19596
801.80398
776.55182
743.74829
700.86391
646.72032
581.54943
506.98048
426.59622
345.37247
268.48261
200.89987
143.52855
102.61204
61.195965
0.01852004
0.01539056
0.11527315
5.0582003
72.090383
292.14175
504.06427
499.58169
467.24332
468.80461
497.94
603.32221
699.7319
761.50203
792.93465
811.69618
823.39162
833.15901
842.59993
854.16153
866.1498
878.57483
891.69748
904.38284
917.40253
929.28778
940.49122
950.04338
957.64229
963.32618
967.03977
969.45925
970.60456
970.78926
970.18328
968.88987
966.43483
962.90255
957.87555
951.432
942.97874
933.72076
922.6267
912.34336
900.17564
892.71623
884.43345
874.44829
861.95067
845.80214
824.41108
796.75953
761.18161
715.28953
658.02832
589.83195
512.57747
430.04637
347.29637
269.44969
201.33784
143.70544
102.67951
61.206484
1.3601186
1.6506047
10.566272
104.79018
424.7926
697.73365
808.75411
790.37655
770.2105
777.04238
809.76195
872.18297
916.8207
938.2344
943.14165
943.8527
943.59897
944.17566
946.92325
952.42485
958.97266
966.46945
974.61034
982.58256
990.85752
998.16714
1004.7522
1009.9041
1013.362
1015.3795
1015.7803
1015.2545
1013.79
1011.566
1008.6647
1005.237
1000.8177
995.46401
988.83263
981.21694
971.97223
962.21544
950.90977
940.27626
928.10341
919.69458
910.38705
899.31297
885.61721
868.09956
845.10447
815.49562
777.59161
729.10554
669.07352
598.0946
518.2806
433.63231
349.33015
270.48471
201.80927
143.89462
102.74984
61.215103
23.772068
35.765347
149.99534
515.59928
828.67937
950.78139
1003.695
1001.3585
1001.3127
1012.375
1031.6774
1055.9172
1065.4046
1061.1794
1049.9876
1040.2112
1032.8227
1028.5638
1027.4861
1029.0346
1032.015
1036.1082
1040.6976
1045.2223
1049.9292
1053.7343
1056.7294
1058.5041
1058.7294
1057.9316
1055.8054
1052.9129
1049.2964
1045.1591
1040.4064
1035.2064
1029.143
1022.2973
1014.3832
1005.8273
996.02172
985.92734
974.60292
963.79635
951.82623
942.69289
932.58243
920.66423
906.04839
887.49099
863.29285
832.19273
792.45881
741.86652
679.50423
606.0872
523.93301
437.26903
351.43456
271.57233
202.30911
144.09463
102.82268
61.221625
116.52017
244.44051
605.11319
933.09965
1055.6468
1097.1548
1131.6109
1149.426
1165.6663
1175.6879
1179.8019
1178.3713
1166.1541
1146.6438
1126.7725
1111.4547
1100.4225
1093.4835
1090.1324
1089.4614
1089.9492
1091.6201
1093.589
1095.4846
1097.3908
1098.4174
1098.4898
1097.6196
1095.3475
1092.159
1087.9816
1083.2023
1077.8196
1072.0626
1065.7636
1059.0711
1051.6245
1043.5461
1034.6081
1025.3014
1015.0987
1004.7777
993.54191
982.6798
971.02133
961.35824
950.64907
938.11385
922.83942
903.55569
878.54051
846.41024
805.35731
753.18652
688.99769
613.56613
529.37254
440.8631
353.56367
272.69336
202.83059
144.3034
102.89756
61.225852
367.06434
763.26703
1049.4983
1161.4903
1181.6022
1192.4941
1223.012
1255.6041
1278.4
1284.3038
1278.3268
1260.6633
1235.1597
1207.4446
1183.2284
1165.251
1152.5197
1144.1839
1139.5455
1137.3312
1136.064
1135.8879
1135.8047
1135.5702
1135.158
1133.9272
1131.6588
1128.4491
1124.1016
1118.9826
1113.1013
1106.7327
1099.8583
1092.7063
1085.0893
1077.1293
1068.5183
1059.4202
1049.67
1039.7704
1029.2891
1018.8196
1007.7236
996.88166
985.57576
975.54843
964.42311
951.47546
935.78002
916.0568
890.57964
857.85187
815.97624
762.76162
697.28062
620.31026
534.44184
444.31786
355.66689
273.82535
203.36528
144.51819
102.9738
61.227569
863.09889
1155.3793
1263.6333
1273.5628
1262.9723
1262.0047
1289.2236
1329.366
1353.6155
1356.483
1344.1629
1316.4183
1283.714
1251.8533
1225.7507
1206.6601
1193.2077
1184.1204
1178.6354
1175.2329
1172.6464
1170.9315
1169.1501
1167.0934
1164.6678
1161.3743
1157.1294
1151.9574
1145.8566
1139.1122
1131.7789
1124.0478
1115.8935
1107.5291
1098.777
1089.737
1080.1506
1070.2148
1059.8279
1049.4689
1038.7969
1028.2353
1017.2959
1006.5216
995.56673
985.31379
973.93141
960.75058
944.84318
924.93346
899.30717
866.36877
824.12851
770.38281
704.1436
626.13387
538.99767
447.53869
357.69125
274.94325
203.90319
144.7356
103.05048
61.226528
1179.4754
1298.0198
1347.5708
1337.3703
1324.0376
1314.6818
1336.5056
1378.2953
1402.3692
1404.0616
1387.8406
1354.7343
1318.5903
1285.0456
1258.3838
1238.9283
1225.1611
1215.5651
1209.3605
1204.9106
1201.1623
1198.0624
1194.762
1191.0609
1186.8395
1181.7432
1175.7656
1168.9246
1161.3238
1153.1939
1144.6059
1135.6943
1126.4327
1117.0137
1107.2827
1097.325
1086.9292
1076.3148
1065.438
1054.7327
1043.9362
1033.3244
1022.5396
1011.8618
1001.2337
990.86953
979.36516
966.1037
950.16218
930.28072
904.76908
871.9499
829.74794
775.93909
709.44826
630.89526
542.91839
450.4379
359.58386
276.02031
204.43299
144.95151
103.12642
61.222412
1223.7506
1323.1872
1380.0845
1382.1668
1374.3766
1355.5667
1368.7286
1408.2773
1432.2781
1434.0762
1416.1455
1381.0058
1343.9206
1310.2005
1283.6664
1264.1467
1250.1506
1240.0538
1233.0882
1227.6055
1222.7319
1218.3088
1213.5853
1208.3637
1202.5236
1195.8385
1188.3433
1180.0748
1171.1854
1161.8669
1152.1893
1142.2519
1132.0313
1121.6991
1111.1286
1100.3975
1089.3392
1078.1855
1066.9418
1055.9851
1045.1147
1034.4842
1023.8436
1013.2792
1002.9446
992.56192
981.04658
967.83006
951.99995
932.32108
907.13562
874.70294
832.87687
779.41181
713.12745
634.50055
546.10882
452.93869
361.29414
277.02901
204.94218
145.16111
103.2001
61.214802
1144.7412
1312.7196
1394.8092
1417.9674
1417.1404
1388.1609
1389.109
1423.6953
1448.0984
1450.9422
1433.229
1398.4936
1362.2043
1329.2762
1303.2204
1283.7067
1269.4051
1258.6927
1250.8427
1244.2732
1238.2514
1232.5262
1226.4424
1219.8051
1212.5078
1204.4248
1195.6097
1186.1214
1176.1272
1165.7879
1155.165
1144.3383
1133.2903
1122.1737
1110.8952
1099.5341
1087.9549
1076.3931
1064.8914
1053.7662
1042.8623
1032.2376
1021.726
1011.2827
1001.197
990.8491
979.40943
966.33557
950.72778
931.38157
906.67644
874.82935
833.64715
780.86235
715.1794
636.90302
548.50231
454.9777
362.7756
277.9418
205.41733
145.35884
103.26957
61.203128
1066.0427
1295.9089
1403.3502
1447.3317
1453.9154
1415.0951
1400.3544
1427.9376
1452.9771
1457.5574
1441.6339
1409.1553
1374.9373
1343.484
1318.1113
1298.5801
1283.8322
1272.3439
1263.4628
1255.7274
1248.5127
1241.4946
1234.1076
1226.1584
1217.5601
1208.2571
1198.3051
1187.7798
1176.8428
1165.6319
1154.2072
1142.6277
1130.8833
1119.1123
1107.2369
1095.3376
1083.3297
1071.4466
1059.7584
1048.5193
1037.6084
1027.0072
1016.6185
1006.3068
996.45243
986.20056
974.90563
962.05002
946.74957
927.83545
903.72818
872.61721
832.27025
780.41953
715.65754
638.09852
550.06011
456.50609
363.98701
278.73182
205.84425
145.53834
103.33239
61.186605
1014.7867
1278.0449
1408.6565
1471.9215
1486.9458
1439.3737
1405.5965
1423.7781
1448.974
1455.882
1443.0099
1414.2535
1383.1163
1353.6959
1329.1763
1309.5876
1294.2429
1281.8083
1271.7472
1262.7557
1254.2949
1245.9895
1237.355
1228.1963
1218.444
1208.0845
1197.1739
1185.7837
1174.0577
1162.1068
1149.9716
1137.7263
1125.3705
1113.0305
1100.6619
1088.3391
1076.0102
1063.9014
1052.0992
1040.7999
1029.9062
1019.344
1009.0682
998.89009
989.24068
979.13105
968.02908
955.44043
940.49798
922.0711
898.62274
868.33371
828.96756
778.25444
714.66517
638.11829
550.76851
457.48926
364.89297
279.37325
206.20803
145.6924
103.38548
61.164157
969.73187
1255.753
1410.19
1492.437
1517.607
1463.3096
1407.6986
1412.8575
1436.9637
1446.7632
1437.986
1414.1705
1387.0796
1360.3125
1336.9118
1317.2996
1301.2573
1287.7368
1276.369
1266.0397
1256.2857
1246.7039
1236.8845
1226.6293
1215.8716
1204.6061
1192.8653
1180.7312
1168.3235
1155.7405
1143.0142
1130.2184
1117.3621
1104.5633
1091.7984
1079.1452
1066.5809
1054.3208
1042.4593
1031.141
1020.2845
1009.7763
999.61157
989.57229
980.11226
970.16627
959.2851
946.98971
932.42967
914.5141
891.74927
862.32258
824.00959
774.55033
712.31339
637.02577
550.63518
457.90531
365.46368
279.84144
206.49309
145.81279
103.42495
61.134327
911.38038
1225.7072
1405.079
1505.102
1541.893
1485.6678
1408.4285
1396.5896
1417.3669
1430.0221
1426.0973
1408.5871
1386.4652
1363.1432
1341.3313
1321.899
1305.1869
1290.5343
1277.8013
1266.0965
1255.0447
1244.2304
1233.2953
1222.0362
1210.3912
1198.354
1185.931
1173.1925
1160.2311
1147.1292
1133.9164
1120.6711
1107.411
1094.2483
1081.1773
1068.2788
1055.554
1043.2053
1031.3293
1020.0259
1009.2255
998.78759
988.73793
978.84491
969.56629
959.79265
949.14159
937.14447
922.9665
905.55733
883.46709
854.90288
817.66882
769.52388
708.74747
634.88508
549.68264
457.74331
365.67423
280.11269
206.68295
145.89006
103.44593
61.095164
834.52248
1184.9323
1388.6782
1503.2793
1552.5612
1501.6955
1409.1125
1376.6038
1391.0878
1405.8823
1406.9855
1396.6424
1380.6687
1361.7115
1342.185
1323.3573
1306.1797
1290.4821
1276.4283
1263.381
1251.0499
1239.0551
1227.0976
1214.957
1202.5624
1189.8884
1176.9123
1163.6913
1150.2889
1136.7747
1123.1776
1109.5809
1096.0103
1082.5736
1069.2803
1056.2135
1043.3933
1031.0081
1019.1534
1007.893
997.16703
986.81727
976.89193
967.15498
958.05512
948.4517
938.02347
926.31056
912.49276
895.56058
874.10863
846.37421
810.20261
763.37962
704.11334
631.78596
547.93962
456.99779
365.50378
280.16378
206.76
145.91334
103.44231
61.044089
734.08622
1130.0853
1355.3268
1479.1768
1541.1474
1505.3067
1409.1286
1354.3949
1358.2624
1373.3688
1379.5163
1376.7377
1368.2553
1355.0625
1338.8943
1321.389
1304.1514
1287.6128
1272.315
1257.9567
1244.3729
1231.2394
1218.3144
1205.3637
1192.3044
1179.0838
1165.6457
1152.0312
1138.2729
1124.4288
1110.528
1096.6582
1082.8516
1069.2131
1055.7652
1042.5924
1029.7297
1017.3503
1005.5479
994.35754
983.72874
973.49193
963.71104
954.15067
945.24171
935.81627
925.61355
914.18313
900.71996
884.25773
863.43896
836.54085
801.46013
756.01572
698.35844
627.71903
545.43019
455.7087
364.99668
280.03747
206.7607
145.90983
103.43599
60.990839
607.62769
1057.7156
1300.4501
1424.8909
1495.3158
1483.3387
1403.4333
1331.7881
1320.4199
1332.1912
1342.464
1347.0998
1347.0971
1341.1722
1329.8052
1314.7116
1298.1066
1281.1331
1264.8243
1249.2815
1234.5126
1220.2954
1206.4583
1192.7601
1179.1071
1165.4168
1151.5972
1137.6708
1123.6381
1109.5454
1095.4218
1081.3584
1067.3926
1053.6261
1040.0934
1026.879
1014.0298
1001.7035
989.99109
978.90511
968.40398
958.31187
948.70291
939.34673
930.64992
921.41794
911.45527
900.31975
887.22284
871.24362
851.07683
825.04892
791.11691
747.13889
691.22068
622.45087
541.94673
453.69353
363.99729
279.60733
206.58944
145.8131
103.38044
60.913563
460.85149
966.64302
1222.6804
1338.3968
1409.8151
1425.0166
1382.4482
1309.9933
1280.8073
1284.8658
1296.3777
1307.5532
1316.2448
1318.3628
1313.3668
1302.0242
1287.0531
1270.3322
1253.4609
1237.0249
1221.2633
1206.1039
1191.4671
1177.1207
1162.9678
1148.9017
1134.7954
1120.6526
1106.4412
1092.1966
1077.9464
1063.7828
1049.7468
1035.9372
1022.398
1009.2133
996.43848
984.21642
972.63549
961.69165
951.35166
941.43784
932.02932
922.90429
914.44034
905.41211
895.69524
884.85762
872.12834
856.63276
837.12163
811.97893
779.2296
736.77772
682.69962
615.95539
537.44594
450.90351
362.46246
278.84214
206.22753
145.61361
103.27233
60.810539
312.66508
859.36195
1125.0403
1225.7585
1290.046
1328.6348
1336.1291
1286.8308
1243.3093
1235.0783
1243.4015
1258.4984
1275.0076
1285.8941
1287.9859
1282.0139
1269.9047
1254.3604
1237.5801
1220.7002
1204.254
1188.3699
1173.0923
1158.222
1143.675
1129.3326
1115.0375
1100.7769
1086.4867
1072.1917
1057.916
1043.751
1029.7389
1015.9751
1002.5115
989.43053
976.79367
964.72976
953.32507
942.56448
932.42243
922.72319
913.54624
904.68119
896.47339
887.66037
878.19581
867.66042
855.30225
840.29338
821.44439
797.20461
765.6736
724.80863
672.67266
608.11219
531.81303
447.23482
360.30522
277.67527
205.6286
145.28169
103.09364
60.673008
189.89047
736.93005
1009.0318
1093.5182
1144.1545
1195.5259
1257.2873
1253.3397
1208.8535
1185.4109
1185.8246
1200.6507
1222.8557
1242.2513
1252.5839
1252.8903
1245.2812
1232.0667
1216.2371
1199.5295
1182.8373
1166.5391
1150.8441
1135.6175
1120.8095
1106.3101
1091.9394
1077.6728
1063.416
1049.1846
1034.9966
1020.9401
1007.0565
993.43725
980.14024
967.24526
954.8176
942.97325
931.79697
921.26766
911.36677
901.92397
893.01475
884.44296
876.519
867.93641
858.73405
848.5094
836.53106
822.01805
803.84479
780.5335
750.26481
711.05656
660.97484
598.76795
524.90931
442.5675
357.42816
276.03355
204.74223
144.78515
102.82494
60.491318
80.442092
577.81291
869.1712
940.49407
972.40586
1022.5624
1129.8819
1194.5368
1171.7808
1136.0709
1124.0716
1133.4759
1157.7594
1184.5154
1203.9787
1212.0038
1210.2288
1201.0185
1187.3073
1171.647
1155.3608
1139.126
1123.37
1108.0586
1093.2052
1078.7359
1064.4601
1050.349
1036.2828
1022.27
1008.3202
994.51703
980.89896
967.55267
954.54071
941.93951
929.81621
918.27523
907.40048
897.16943
887.57013
878.44105
869.84982
861.61781
854.01772
845.69354
836.77636
826.88565
815.31322
801.32537
783.86532
761.53629
732.60713
695.16406
647.29202
587.65484
516.51454
436.72789
353.70099
273.82456
203.50697
144.08537
102.44323
60.253861
28.563286
396.6686
704.16652
769.18739
780.83479
815.21467
944.11146
1087.5748
1116.9121
1085.5622
1058.9975
1058.8186
1078.9178
1110.1472
1138.3287
1155.6627
1161.0552
1157.606
1147.639
1134.2461
1119.3289
1103.897
1088.6594
1073.7169
1059.1814
1045.0504
1031.1395
1017.43
1003.7837
990.2086
976.70508
963.35189
950.18346
937.28218
924.71382
912.55108
900.86165
889.73977
879.26881
869.42904
860.21461
851.47667
843.27156
835.44261
828.22153
820.20094
811.61003
802.09647
790.97928
777.57239
760.89341
739.63553
712.16445
676.64337
631.19117
574.39943
506.31812
429.46848
348.93614
270.91378
201.83194
143.12445
101.91265
59.942822
6.686465
222.58776
521.3757
589.04941
582.3017
594.84089
713.84067
916.4079
1024.1534
1021.9612
990.09658
978.5987
988.90613
1018.7449
1053.3226
1080.1185
1094.5414
1097.8602
1093.675
1084.0937
1071.8325
1058.2415
1044.3774
1030.4918
1016.8349
1003.5135
990.37146
977.41986
964.51532
951.67671
938.89626
926.2509
913.77091
901.53639
889.61544
878.07722
866.98932
856.43748
846.50454
837.17724
828.4554
820.2071
812.47465
805.12888
798.35639
790.70265
782.49775
773.42478
762.83555
750.09177
734.29105
714.22603
688.36959
654.9719
612.20102
558.58812
493.97019
420.50681
342.91783
267.14604
199.61235
141.83568
101.19205
59.537487
3.3475742
97.153821
335.75163
410.19287
394.34863
387.36297
473.56083
689.24302
871.05852
926.29386
910.15685
890.84254
891.33212
911.40238
947.96121
982.72126
1006.706
1018.7376
1021.1304
1017.4637
1009.4101
998.98362
987.64702
975.7748
963.79876
951.96696
940.17223
928.48172
916.76366
905.06516
893.37398
881.77234
870.28832
859.00437
847.99049
837.31351
827.04113
817.25291
808.03083
799.37139
791.27973
783.64522
776.49452
769.73237
763.49499
756.29377
748.5577
740.01354
730.05331
718.08678
703.29695
684.58542
660.54447
629.52307
589.75423
539.72058
479.0455
409.49821
335.38213
262.3313
196.71965
140.13716
100.23062
59.012193
0.55431035
33.834321
171.9259
247.42392
231.02083
212.48242
262.54907
441.97394
658.5561
778.3414
799.64241
787.30169
782.67271
791.58626
822.97686
862.51464
895.06084
916.4786
927.36806
930.32357
928.48332
922.71523
915.30397
906.63237
897.37671
887.93534
878.26032
868.50272
858.56012
848.52977
838.39901
828.26814
818.16681
808.18845
798.40467
788.88247
779.69131
770.90767
762.61238
754.81443
747.52436
740.65668
734.22267
728.1673
722.57021
715.93318
708.7759
700.87767
691.6801
680.64206
667.03666
649.88342
627.9077
599.57142
563.18954
517.2086
461.03936
396.02992
326.01061
256.23905
192.99728
137.92894
98.966066
58.335409
0.17772381
8.2247409
64.289456
120.54196
112.54472
98.721413
119.46988
228.06039
421.23674
576.34993
644.40892
655.95205
655.10611
659.69008
681.4285
721.20832
759.64159
789.76553
809.68459
820.95788
826.12376
826.49172
824.55453
820.33278
814.97046
808.97392
802.34028
795.33169
787.88523
780.16979
772.17087
764.02625
755.77076
747.52264
739.35295
731.33332
723.53829
716.04525
708.93391
702.22807
695.94417
690.02456
684.46811
679.26447
674.43086
668.49699
662.05756
654.95335
646.68641
636.76758
624.56369
609.2196
589.60792
564.32011
531.77222
490.38895
439.37327
379.62108
314.42703
248.59399
188.25675
135.09023
97.322688
57.468756
0.0033807207
0.9839086
14.138302
41.792065
40.014668
32.609408
39.380073
91.525568
212.70796
354.95524
449.95305
490.36309
503.7038
511.86931
528.81177
564.11171
604.492
641.06432
669.27356
689.07927
702.09141
709.73421
713.91212
715.35894
714.95491
713.41484
710.7325
707.31675
703.13322
698.4348
693.18642
687.59221
681.68861
675.6391
669.50403
663.36745
657.3137
651.42552
645.7818
640.42318
635.37295
630.60169
626.10246
621.90952
617.975
612.90635
607.3495
601.21509
594.0767
585.50292
574.95649
561.71252
544.80354
522.96916
494.74892
458.56332
413.42021
359.73539
300.20105
239.07507
182.27501
131.47704
95.209529
56.366075
0.00067493488
0.021808801
1.1235731
6.5899733
8.101512
6.5906223
8.2118491
25.89233
81.710101
169.71012
253.33899
309.45477
339.05692
354.87298
371.44557
401.01035
439.25728
478.53013
512.54083
539.55957
559.98904
574.81588
585.4655
592.92837
598.02897
601.48584
603.44412
604.25021
603.94645
602.86415
600.89344
598.3586
595.26657
591.85934
588.15056
584.25498
580.27045
576.28781
572.38505
568.62191
565.02838
561.60122
558.33742
555.30872
552.40689
548.37427
543.87681
538.90176
533.1039
526.11849
517.50524
506.67103
492.81704
474.84989
451.45918
421.08425
382.56466
335.81746
282.86647
227.32217
174.79538
126.9213
92.519055
54.97267
0.00011185969
0.00011433439
0.010482287
0.18037112
0.36091624
0.41052649
0.66969544
4.1978562
21.080684
59.870573
108.52114
152.07844
183.65461
205.37494
223.31204
247.40093
280.04488
317.18471
352.4591
383.42793
409.13291
429.62306
445.77638
458.56424
468.77356
477.04081
483.56751
488.65275
492.38199
495.04061
496.64975
497.45133
497.41875
496.95202
495.90292
494.48183
492.79015
490.92348
488.95663
486.97323
485.00302
483.0669
481.17595
479.42451
477.65988
474.81332
471.53442
467.89077
463.6251
458.45012
452.02276
443.87968
433.39352
419.65346
401.52969
377.51061
346.31756
307.36876
261.96453
212.95701
165.53536
121.23309
89.127019
53.22501
4.3467023e-05
3.5448523e-05
3.925433e-05
0.00021243025
0.00061218175
0.00099503558
0.0082921614
0.30834835
3.0663488
13.285802
32.388588
54.607968
75.388472
92.611472
107.35697
124.48649
147.60392
176.09662
207.32147
237.4663
264.51608
287.44307
306.5744
322.73272
336.51512
348.34884
358.41273
366.9574
374.10738
380.0738
384.92369
388.80673
391.77805
394.04407
395.63584
396.67533
397.27349
397.53214
397.51836
397.35575
397.03827
396.62518
396.14445
395.69289
395.09544
393.51366
391.54625
389.33411
386.71087
383.47724
379.38677
374.10091
367.16054
357.84426
345.23512
327.90704
304.54948
274.11198
237.1467
195.63904
154.21218
114.21054
84.894764
51.050997
2.5235936e-05
2.4755913e-05
2.4618532e-05
2.5289706e-05
2.710313e-05
3.163434e-05
4.879462e-05
0.0029900439
0.1663365
1.3978119
5.2826329
12.107909
20.532385
29.11881
37.460746
47.121313
60.379368
77.929293
98.911204
121.15847
142.927
163.45692
182.24531
199.01433
213.94437
227.24396
238.87918
249.18099
258.32038
266.4211
273.4929
279.63005
284.88047
289.32108
293.02497
296.09043
298.61859
300.69973
302.40802
303.82296
304.99041
305.95551
306.75987
307.48446
307.9627
307.59771
306.90935
306.09711
305.07815
303.74215
301.94085
299.45525
295.98883
291.00033
283.81637
273.13008
257.73741
236.18375
208.30873
175.14752
140.58638
105.66096
79.677943
48.373352
1.917392e-05
1.9334687e-05
1.9497729e-05
1.9715334e-05
2.0035776e-05
2.0379853e-05
2.1573623e-05
2.8166823e-05
0.00057500706
0.023290455
0.26536063
1.0921581
2.7040562
4.8183764
7.3660418
10.801249
16.096286
23.973379
34.523809
47.020341
60.635864
74.626933
88.391954
101.46956
113.73011
125.15451
136.0036
146.16605
155.57566
164.22215
172.07131
179.15447
185.48888
191.01453
195.85056
200.09397
203.8152
207.08493
209.95975
212.49398
214.7321
216.71412
218.48094
220.08758
221.39941
222.03928
222.43098
222.80464
223.14925
223.43394
223.59445
223.54077
223.1362
221.97591
219.66783
215.02734
207.17541
194.32279
175.73699
151.47872
124.51598
95.427524
73.336787
45.113668
1.5917285e-05
1.5931112e-05
1.5893346e-05
1.5875703e-05
1.5852572e-05
1.5835616e-05
1.5831736e-05
1.5965345e-05
1.6890029e-05
3.735495e-05
0.00079055221
0.0096799701
0.055947925
0.18041145
0.43864719
0.92318353
1.8254862
3.6222201
6.6915327
11.136257
16.964683
23.774742
31.198703
38.890613
46.655397
54.378446
62.031787
69.524243
76.753367
83.646046
90.143001
96.215496
101.8583
107.14864
112.03083
116.49887
120.56157
124.24749
127.58628
130.60954
133.34811
135.83183
138.09073
140.15464
141.92968
143.21035
144.31671
145.47286
146.72403
148.10578
149.6419
151.33362
153.15178
154.92116
156.43629
156.58713
155.20872
150.11053
140.32265
125.00425
106.05293
83.440146
65.756749
41.200314
1.3950754e-05
1.3820867e-05
1.3691601e-05
1.3530441e-05
1.3381987e-05
1.3209795e-05
1.3021003e-05
1.2851968e-05
1.2580711e-05
1.2600734e-05
1.2644739e-05
1.4473879e-05
4.5784898e-05
0.00031161479
0.0014345803
0.0060838767
0.024332644
0.095947505
0.33177319
0.94169896
2.0846036
3.7540021
5.9657754
8.6763764
11.859137
15.42225
19.263055
23.290946
27.417834
31.566699
35.670306
39.675576
43.560328
47.308846
50.888989
54.275662
57.453342
60.418905
63.176272
65.734017
68.103281
70.296243
72.324779
74.197026
75.852045
77.196893
78.472485
79.871908
81.464388
83.322888
85.521582
88.128683
91.193921
94.704402
98.605793
102.20881
105.16889
105.79401
103.73473
96.642567
85.569754
69.7922
56.882665
36.583233
1.2632077e-05
1.247065e-05
1.2301166e-05
1.2114689e-05
1.1927359e-05
1.1719794e-05
1.1514824e-05
1.1286131e-05
1.1055782e-05
1.0801105e-05
1.0556808e-05
1.0287265e-05
1.0147731e-05
9.9525409e-06
9.8161657e-06
1.0215697e-05
1.5878772e-05
9.7503417e-05
0.00079686307
0.0055719048
0.027622934
0.095714426
0.25846327
0.59808669
1.1625075
1.8813963
2.7863009
3.8836912
5.1626908
6.6074916
8.1818138
9.8616023
11.631889
13.448073
15.276368
17.08859
18.862395
20.581404
22.234003
23.813567
25.316982
26.743104
28.091345
29.359457
30.51517
31.523881
32.514349
33.60882
34.872646
36.380255
38.216179
40.475159
43.258133
46.655938
50.746847
55.429179
60.628373
65.268534
68.30617
67.681265
63.86976
54.827621
46.760273
31.257043
1.1766543e-05
1.160315e-05
1.1429558e-05
1.1244068e-05
1.1050656e-05
1.0844595e-05
1.0633509e-05
1.0407605e-05
1.0180739e-05
9.9359211e-06
9.6963617e-06
9.4351383e-06
9.1903184e-06
8.9192763e-06
8.6834011e-06
8.4054947e-06
8.2095993e-06
8.0531063e-06
7.8254038e-06
8.1888548e-06
1.4742631e-05
8.0081682e-05
0.00043264005
0.0018311276
0.0079178972
0.020527706
0.053078528
0.10920002
0.20539191
0.36288688
0.57270996
0.87783968
1.2130967
1.5871871
2.0011391
2.4505147
2.9290415
3.4294262
3.9413402
4.4587466
4.9770978
5.4924756
6.0017737
6.5025187
6.9831388
7.4303236
7.8875543
8.4076342
9.0307376
9.8025976
10.782081
12.045379
13.689943
15.835192
18.627105
22.168701
26.568643
31.59375
36.806812
40.664407
41.886787
39.213387
35.569393
25.298538
1.119559e-05
1.1038123e-05
1.0869871e-05
1.0691243e-05
1.050216e-05
1.0303184e-05
1.0094497e-05
9.8766469e-06
9.6504934e-06
9.4162923e-06
9.1759915e-06
8.9292555e-06
8.6793925e-06
8.4251961e-06
8.1717992e-06
7.9161178e-06
7.6657365e-06
7.4150591e-06
7.1776774e-06
6.9312724e-06
6.7387888e-06
6.5320345e-06
6.3547019e-06
6.1749669e-06
6.4939918e-06
9.0833455e-06
2.2585411e-05
7.7401022e-05
0.00023806644
0.00054524887
0.0019097267
0.0039122618
0.0085419491
0.015381067
0.026730122
0.04296723
0.065038693
0.093539929
0.12892741
0.17108163
0.22006111
0.27522101
0.33639156
0.40228323
0.47347462
0.54989552
0.63455963
0.73958443
0.86491883
1.021984
1.2292804
1.5135669
1.9198708
2.5138079
3.4129049
4.7610084
6.8193201
9.8280337
13.82964
18.089675
22.101332
23.458726
23.664399
18.889818
1.0839611e-05
1.0687113e-05
1.05237e-05
1.0350387e-05
1.0165946e-05
9.9721846e-06
9.7675345e-06
9.5547252e-06
9.3318132e-06
9.1026083e-06
8.8646542e-06
8.6230082e-06
8.3744051e-06
8.1254125e-06
7.8714953e-06
7.6209885e-06
7.3676162e-06
7.1215431e-06
6.8745608e-06
6.6383879e-06
6.4030732e-06
6.1822536e-06
5.9626652e-06
5.7615263e-06
5.559421e-06
5.3931248e-06
5.2115225e-06
5.0734066e-06
4.8990883e-06
4.8022942e-06
4.6458507e-06
4.649796e-06
4.8742835e-06
5.6692387e-06
7.9167852e-06
1.3313623e-05
2.2587014e-05
4.3047196e-05
6.8177897e-05
0.00014031857
0.00021325902
0.00036137068
0.00051349917
0.00089372137
0.0013025503
0.0017438217
0.002400219
0.0031341477
0.004832892
0.0067392723
0.011262937
0.017465728
0.032278189
0.057334981
0.12026225
0.24802432
0.59368932
1.2203158
2.4401376
4.3990676
7.5377705
9.7290117
12.675569
11.705311
1.0645516e-05
1.0494988e-05
1.0333929e-05
1.0162709e-05
9.9807825e-06
9.78907e-06
9.5870127e-06
9.376102e-06
9.15584e-06
8.9282865e-06
8.6930472e-06
8.4526932e-06
8.2069081e-06
7.9586969e-06
7.7077428e-06
7.4573208e-06
7.2071321e-06
6.9603517e-06
6.7169153e-06
6.4795802e-06
6.2482195e-06
6.0250333e-06
5.8099055e-06
5.6045936e-06
5.4082907e-06
5.2236233e-06
5.0473366e-06
4.8849654e-06
4.7287218e-06
4.5885582e-06
4.4521981e-06
4.3324036e-06
4.2167787e-06
4.1165379e-06
4.01885e-06
3.9335445e-06
3.8523682e-06
3.7800736e-06
3.7134897e-06
3.6531308e-06
3.5992123e-06
3.5506532e-06
3.5059644e-06
3.4614232e-06
3.4506817e-06
3.4068601e-06
3.3909635e-06
3.3628397e-06
3.4155797e-06
3.2367204e-06
3.9184518e-06
1.8418074e-06
1.0055885e-05
8.3412932e-06
0.00013298696
0.00043596586
0.0015341202
0.015918941
0.066929387
0.28796763
1.0132141
1.8371857
4.0764329
4.8986628
1.0558438e-05
1.0408389e-05
1.0248121e-05
1.0077417e-05
9.896454e-06
9.7052574e-06
9.5043582e-06
9.2939445e-06
9.0750743e-06
8.8479912e-06
8.6144129e-06
8.3745048e-06
8.1306798e-06
7.8829162e-06
7.6342218e-06
7.384342e-06
7.136625e-06
6.8905985e-06
6.6496379e-06
6.4129416e-06
6.1839192e-06
5.9612514e-06
5.7482195e-06
5.5433832e-06
5.3488769e-06
5.1647288e-06
4.989763e-06
4.8279369e-06
4.6724986e-06
4.5330564e-06
4.3968777e-06
4.2781213e-06
4.1611187e-06
4.0600663e-06
3.9619907e-06
3.8755314e-06
3.7951917e-06
3.7211241e-06
3.6561196e-06
3.5932709e-06
3.5405548e-06
3.4882848e-06
3.4447498e-06
3.4027345e-06
3.3653538e-06
3.331761e-06
3.2929806e-06
3.2590999e-06
3.207698e-06
3.1655744e-06
3.0934888e-06
3.0242554e-06
2.9692497e-06
2.6947391e-06
2.5612954e-06
2.4897828e-06
2.1793395e-06
4.6055726e-07
0.0004256318
0.0011131456
0.011267597
0.061895269
0.39821304
0.92361557
1.0531919e-05
1.0381847e-05
1.0221839e-05
1.0051182e-05
9.8707313e-06
9.679666e-06
9.4796275e-06
9.2694441e-06
9.0518988e-06
8.8251482e-06
8.5934941e-06
8.3539972e-06
8.1128603e-06
7.8655224e-06
7.6204784e-06
7.3709268e-06
7.1280362e-06
6.8821426e-06
6.6473531e-06
6.4107385e-06
6.1892699e-06
5.9669745e-06
5.7628327e-06
5.5588372e-06
5.3745802e-06
5.1915649e-06
5.0282523e-06
4.8676929e-06
4.7249187e-06
4.5873502e-06
4.463448e-06
4.3485978e-06
4.2413018e-06
4.1477728e-06
4.0552788e-06
3.980104e-06
3.9017644e-06
3.8406992e-06
3.7765684e-06
3.7254031e-06
3.6750028e-06
3.6308934e-06
3.592524e-06
3.5541985e-06
3.5253106e-06
3.4910995e-06
3.4659903e-06
3.4269089e-06
3.3976918e-06
3.3456729e-06
3.3053049e-06
3.2358355e-06
3.1715948e-06
3.0921524e-06
2.992366e-06
2.9083409e-06
2.816734e-06
2.6946578e-06
2.3879556e-06
2.9805461e-06
3.4205257e-06
1.0577348e-05
0.0011417451
0.028271849
1.0535002e-05
1.041077e-05
1.0278124e-05
1.0137686e-05
9.9889378e-06
9.8329365e-06
9.6691949e-06
9.499334e-06
9.3228306e-06
9.1419915e-06
8.9561377e-06
8.768349e-06
8.5776145e-06
8.3878337e-06
8.1974341e-06
8.0111404e-06
7.8265565e-06
7.6491984e-06
7.4756077e-06
7.3120041e-06
7.1537328e-06
7.0075556e-06
6.8676588e-06
6.7411129e-06
6.6211607e-06
6.5149138e-06
6.4150192e-06
6.3283601e-06
6.2474213e-06
6.178582e-06
6.114642e-06
6.0612211e-06
6.0118337e-06
5.9712323e-06
5.9337471e-06
5.9034994e-06
5.8753429e-06
5.8532763e-06
5.8321919e-06
5.8164295e-06
5.8006234e-06
5.789563e-06
5.7776981e-06
5.7700293e-06
5.761103e-06
5.756622e-06
5.7520463e-06
5.7480926e-06
5.7436556e-06
5.7400232e-06
5.7362609e-06
5.7344011e-06
5.733646e-06
5.7409989e-06
5.7488916e-06
5.7789334e-06
5.8038797e-06
5.8878763e-06
5.9477266e-06
6.0232945e-06
5.7644149e-06
5.4299594e-06
1.8400554e-06
1.7786506e-05
4.2786332e-05
4.2809157e-05
4.2834988e-05
4.2864057e-05
4.2896546e-05
4.29326e-05
4.2972296e-05
4.3015618e-05
4.3062454e-05
4.3112574e-05
4.316562e-05
4.3221113e-05
4.3278443e-05
4.3336899e-05
4.339568e-05
4.3453925e-05
4.3510765e-05
4.3565353e-05
4.36169e-05
4.3664721e-05
4.3708262e-05
4.3747115e-05
4.3781044e-05
4.3809949e-05
4.3833899e-05
4.3853072e-05
4.3867775e-05
4.3878355e-05
4.3885258e-05
4.3888911e-05
4.3889995e-05
4.3889505e-05
4.3886718e-05
4.3882287e-05
4.3876292e-05
4.3869558e-05
4.3861764e-05
4.3853968e-05
4.3845394e-05
4.3837419e-05
4.3828766e-05
4.3821162e-05
4.3812877e-05
4.3805975e-05
4.3798292e-05
4.3792661e-05
4.378671e-05
4.377988e-05
4.377176e-05
4.3761586e-05
4.3748713e-05
4.3731823e-05
4.3709819e-05
4.3680392e-05
4.3641842e-05
4.3590052e-05
4.3523375e-05
4.3433879e-05
4.3321765e-05
4.3171413e-05
4.2995109e-05
4.2753598e-05
4.2549917e-05
4.1902684e-05
)
;

boundaryField
{
    axis
    {
        type            empty;
    }
    inlet
    {
        type            inletOutlet;
        inletValue      uniform 0.0011;
        value           uniform 0.0011;
    }
    wedge1
    {
        type            wedge;
    }
    wedge2
    {
        type            wedge;
    }
    wall1
    {
        type            kqRWallFunction;
        value           nonuniform List<scalar> 
24
(
0.13996021
0.017097303
0.014150196
0.032028999
0.055267241
0.087320196
0.14072476
0.23618446
0.40804724
0.75211375
1.3991071
2.489397
4.8099402
8.846049
17.648793
30.254125
51.455145
73.144285
97.524597
113.70236
124.14857
119.59743
106.74732
109.86325
)
;
    }
    inflow1
    {
        type            inletOutlet;
        inletValue      uniform 0.0011;
        value           uniform 0.0011;
    }
    wall2
    {
        type            kqRWallFunction;
        value           nonuniform List<scalar> 
15
(
0.029692553
0.003440151
0.0024190052
0.002588887
0.0037290879
0.0062515868
0.015610488
0.004022936
0.00062625937
0.0055445899
0.02274731
0.073796799
0.25028148
0.51511062
2.0278251
)
;
    }
    inflow2
    {
        type            inletOutlet;
        inletValue      uniform 0.0011;
        value           uniform 0.0011;
    }
    outlet
    {
        type            zeroGradient;
    }
    wall3
    {
        type            kqRWallFunction;
        value           nonuniform List<scalar> 8(1014.7867 969.73187 911.38038 834.52248 734.08622 607.62769 460.85149 312.66508);
    }
}


// ************************************************************************* //
