/*--------------------------------*- C++ -*----------------------------------*\
| =========                 |                                                 |
| \\      /  F ield         | OpenFOAM: The Open Source CFD Toolbox           |
|  \\    /   O peration     | Version:  v1912                                 |
|   \\  /    A nd           | Website:  www.openfoam.com                      |
|    \\/     M anipulation  |                                                 |
\*---------------------------------------------------------------------------*/
FoamFile
{
    version     2.0;
    format      ascii;
    class       volScalarField;
    location    "60000";
    object      nut;
}
// * * * * * * * * * * * * * * * * * * * * * * * * * * * * * * * * * * * * * //

dimensions      [0 2 -1 0 0 0 0];


internalField   nonuniform List<scalar> 
4520
(
1.3941863e-07
1.3391515e-07
1.2695315e-07
1.251243e-07
1.1993734e-07
1.2128102e-07
1.1899791e-07
1.2392488e-07
1.2744904e-07
1.3224053e-07
1.4468734e-07
1.5115931e-07
1.6643923e-07
1.7811129e-07
1.9360639e-07
2.0633008e-07
2.1955151e-07
2.2879591e-07
2.3626269e-07
2.4019862e-07
2.4337967e-07
2.4318274e-07
2.4353102e-07
2.4379443e-07
1.3937383e-07
1.3396924e-07
1.2677138e-07
1.2522159e-07
1.1935171e-07
1.2105168e-07
1.1727295e-07
1.2205691e-07
1.2439262e-07
1.2876744e-07
1.3758366e-07
1.4844548e-07
1.5901745e-07
1.7763672e-07
1.9101028e-07
2.1035384e-07
2.2157898e-07
2.3445912e-07
2.3885923e-07
2.4450501e-07
2.4481448e-07
2.4495467e-07
2.447638e-07
2.4440851e-07
1.3945048e-07
1.3388649e-07
1.2690466e-07
1.250741e-07
1.1949567e-07
1.2083927e-07
1.1734108e-07
1.2179149e-07
1.2421248e-07
1.2827867e-07
1.3828609e-07
1.4489007e-07
1.6255474e-07
1.7343859e-07
1.9075849e-07
2.0472392e-07
2.1826241e-07
2.2774657e-07
2.3452369e-07
2.381585e-07
2.4044823e-07
2.4072483e-07
2.4099855e-07
2.4112992e-07
1.39522e-07
1.3379836e-07
1.2702252e-07
1.2495621e-07
1.196242e-07
1.2072468e-07
1.1741397e-07
1.2168192e-07
1.2418821e-07
1.2812071e-07
1.3818638e-07
1.4485496e-07
1.62854e-07
1.7319733e-07
1.9076019e-07
2.0495708e-07
2.1885489e-07
2.2890344e-07
2.3589301e-07
2.3996071e-07
2.4218234e-07
2.4247199e-07
2.4275117e-07
2.4294408e-07
1.3956497e-07
1.3375127e-07
1.2708525e-07
1.2486247e-07
1.1968008e-07
1.206223e-07
1.1743517e-07
1.2159251e-07
1.2416957e-07
1.2800019e-07
1.3819311e-07
1.4482435e-07
1.6384453e-07
1.7253477e-07
1.9136217e-07
2.0486257e-07
2.1955118e-07
2.2955934e-07
2.3707895e-07
2.4109354e-07
2.4360333e-07
2.4392367e-07
2.4395068e-07
2.443954e-07
1.3960266e-07
1.3369688e-07
1.271117e-07
1.2476504e-07
1.1969245e-07
1.2051398e-07
1.1742553e-07
1.2149387e-07
1.2411204e-07
1.2793914e-07
1.3804139e-07
1.4468111e-07
1.6473624e-07
1.7127687e-07
1.9263904e-07
2.0434358e-07
2.2100798e-07
2.3005216e-07
2.3896323e-07
2.4250859e-07
2.4561759e-07
2.462249e-07
2.4625287e-07
2.4679564e-07
1.3963046e-07
1.3363077e-07
1.2708916e-07
1.2462157e-07
1.1962371e-07
1.2034254e-07
1.17324e-07
1.2132436e-07
1.2395435e-07
1.2782482e-07
1.377262e-07
1.4472613e-07
1.6400327e-07
1.714595e-07
1.9343872e-07
2.0491241e-07
2.2289154e-07
2.3127564e-07
2.4151261e-07
2.4459092e-07
2.4864864e-07
2.4878425e-07
2.493822e-07
2.5002712e-07
1.3964661e-07
1.3354537e-07
1.2699688e-07
1.2442134e-07
1.1944572e-07
1.2010258e-07
1.1710589e-07
1.2108765e-07
1.2363593e-07
1.2773598e-07
1.3627614e-07
1.4384645e-07
1.6204705e-07
1.7232087e-07
1.935421e-07
2.0638276e-07
2.2448917e-07
2.3401206e-07
2.4495264e-07
2.4841665e-07
2.5329947e-07
2.5410594e-07
2.5420261e-07
2.5507497e-07
1.3965058e-07
1.3343804e-07
1.2683071e-07
1.2416542e-07
1.1915426e-07
1.1980345e-07
1.1676869e-07
1.2080058e-07
1.2336821e-07
1.2751769e-07
1.3629224e-07
1.4400621e-07
1.626972e-07
1.7370839e-07
1.9523249e-07
2.0912599e-07
2.2792834e-07
2.3885958e-07
2.5016967e-07
2.5464541e-07
2.5922647e-07
2.6064406e-07
2.6083758e-07
2.6158191e-07
1.3964474e-07
1.3331695e-07
1.2661759e-07
1.2388579e-07
1.1879893e-07
1.1949194e-07
1.1637199e-07
1.2051604e-07
1.2309798e-07
1.2733617e-07
1.3640947e-07
1.4474943e-07
1.6359455e-07
1.7525286e-07
1.980931e-07
2.1367263e-07
2.3325928e-07
2.4597161e-07
2.5751238e-07
2.6330101e-07
2.6759994e-07
2.6974202e-07
2.6987761e-07
2.7077096e-07
1.3963485e-07
1.3319822e-07
1.2640749e-07
1.2363286e-07
1.1846642e-07
1.1922828e-07
1.1601343e-07
1.2029039e-07
1.2290734e-07
1.2717298e-07
1.3681981e-07
1.4558459e-07
1.6445097e-07
1.7731868e-07
2.0057977e-07
2.1870902e-07
2.3879217e-07
2.5425733e-07
2.6634703e-07
2.7399098e-07
2.781895e-07
2.8108541e-07
2.8128191e-07
2.8191627e-07
1.3962476e-07
1.3309883e-07
1.2624471e-07
1.2344713e-07
1.1822589e-07
1.1904918e-07
1.1576776e-07
1.2015123e-07
1.2277498e-07
1.2728626e-07
1.3594131e-07
1.4841772e-07
1.6297007e-07
1.8214752e-07
2.01764e-07
2.2400879e-07
2.4372774e-07
2.6202191e-07
2.7480123e-07
2.8432945e-07
2.8897022e-07
2.9267837e-07
2.930422e-07
2.9376154e-07
1.396195e-07
1.3302844e-07
1.2614548e-07
1.2333919e-07
1.180903e-07
1.1895528e-07
1.1564387e-07
1.200913e-07
1.2280585e-07
1.2732163e-07
1.368292e-07
1.5198243e-07
1.6203943e-07
1.8774827e-07
2.0219327e-07
2.2984077e-07
2.4875706e-07
2.7012759e-07
2.8299712e-07
2.9441395e-07
2.9878535e-07
3.0313087e-07
3.0346769e-07
3.039334e-07
1.39652e-07
1.3296572e-07
1.2606141e-07
1.2324183e-07
1.1799472e-07
1.1886846e-07
1.1556436e-07
1.2000952e-07
1.2237479e-07
1.2788891e-07
1.3471076e-07
1.4847373e-07
1.6598547e-07
1.8340683e-07
2.1393541e-07
2.2302519e-07
2.5674718e-07
2.6968016e-07
2.9116354e-07
2.977722e-07
3.078845e-07
3.0869356e-07
3.1809675e-07
3.2489546e-07
1.402355e-07
1.3215951e-07
1.2573097e-07
1.2319513e-07
1.1822743e-07
1.1940959e-07
1.1756214e-07
1.26762e-07
1.3760672e-07
1.2443491e-07
1.7745807e-07
1.1687695e-07
2.3865104e-07
1.5873378e-07
3.1150265e-07
2.4684576e-07
3.7410876e-07
3.3000997e-07
4.1855741e-07
3.872238e-07
4.308858e-07
5.058723e-07
1.0812864e-06
3.4501893e-06
1.4293754e-07
1.2516404e-07
1.3881431e-07
1.554038e-07
2.0975616e-07
3.5901869e-07
6.7129497e-07
1.2509562e-06
2.1159264e-06
6.4812186e-07
4.5705789e-06
1.5542114e-06
7.4469521e-06
3.3809819e-06
1.0481736e-05
5.5116559e-06
1.3503209e-05
5.9085418e-06
1.8474426e-05
8.7350809e-06
2.4538323e-05
3.63604e-05
6.7636785e-05
0.00016672758
1.4174487e-07
1.3059019e-07
7.2115777e-07
2.2094444e-06
6.3559449e-06
1.3168399e-05
2.1888213e-05
3.1613358e-05
4.155068e-05
3.9372284e-05
6.3398388e-05
4.2287405e-05
8.4162823e-05
4.7228133e-05
0.00010779043
4.5225264e-05
0.000142285
2.8682124e-05
0.00020601619
6.0667954e-05
0.00031885725
0.0003054705
0.00040231915
0.00055422026
1.4944415e-07
1.9894784e-07
8.3448138e-06
2.6183557e-05
4.7198566e-05
6.4318684e-05
7.6852476e-05
8.635723e-05
9.3787605e-05
9.876262e-05
0.00011693512
8.911039e-05
0.00014555546
8.5070648e-05
0.00018857534
8.9469037e-05
0.00025887395
0.00013148346
0.00037893096
0.00022957175
0.00052462258
0.0004438228
0.00061471804
0.00066020093
2.2842167e-07
3.2750259e-07
2.5111533e-05
5.3580557e-05
7.2368443e-05
7.9383451e-05
8.2206036e-05
8.5283102e-05
8.8622761e-05
9.1103501e-05
0.0001206507
9.0043802e-05
0.00015657746
0.00010543402
0.00021246444
0.00014341673
0.00029796746
0.00023216447
0.00040755431
0.00035264148
0.00052053779
0.00048602577
0.00063488758
0.00064487641
3.7953188e-07
2.0115171e-07
2.3849981e-05
4.8673525e-05
5.1750343e-05
5.1773658e-05
5.3473537e-05
5.7229246e-05
6.10471e-05
6.7731264e-05
9.1507712e-05
8.2634045e-05
0.00012518626
0.00010864704
0.00017581621
0.00016039984
0.00024943791
0.00024697679
0.00033935614
0.00034070056
0.0004272773
0.00042730877
0.00052055444
0.0005026378
1.8112128e-07
4.7340739e-08
1.1874672e-05
1.9824857e-05
2.0251319e-05
2.1717646e-05
2.4577053e-05
2.8758391e-05
3.3383456e-05
4.2284405e-05
5.3858595e-05
5.8080107e-05
7.846195e-05
8.39007e-05
0.00011792353
0.0001283775
0.00017603225
0.00019326633
0.00024150358
0.00025775834
0.00030149338
0.00031485229
0.00035677739
0.0003293233
3.4702863e-08
6.3372752e-09
9.4668926e-07
1.7198829e-06
1.984664e-06
2.5630646e-06
3.6297472e-06
5.519604e-06
8.3769838e-06
1.4611432e-05
2.1400703e-05
2.7888013e-05
3.875802e-05
4.7899577e-05
6.5000423e-05
7.6628552e-05
0.00010269882
0.00011883107
0.00014355438
0.00015808705
0.00017900201
0.00018895898
0.00020331957
0.00019362646
1.6822848e-08
2.1962348e-09
1.7435008e-08
3.4501002e-08
4.5329481e-08
6.5305115e-08
1.0291253e-07
1.7646082e-07
3.1057283e-07
6.6052565e-07
1.2425871e-06
2.1652338e-06
4.4612336e-06
8.3546785e-06
1.6801198e-05
2.6178351e-05
3.9734519e-05
5.1062835e-05
6.3733907e-05
7.2899011e-05
8.1859433e-05
8.6465617e-05
8.8913227e-05
9.0554238e-05
1.884326e-08
2.4752346e-09
2.1771128e-09
5.0470429e-09
8.6259778e-09
1.3141499e-08
1.9993703e-08
3.1168647e-08
4.9439304e-08
8.3093042e-08
1.4073217e-07
2.2894819e-07
4.0838331e-07
7.0379658e-07
1.3401368e-06
2.2381723e-06
3.7780801e-06
5.4420879e-06
7.4651268e-06
9.103509e-06
1.0508685e-05
1.0844852e-05
1.042506e-05
1.1369339e-05
2.5676798e-07
3.0203274e-08
2.1507758e-08
2.3294874e-08
3.3941965e-08
5.7589915e-08
1.4553879e-07
3.0721172e-08
4.7490823e-09
4.3918131e-08
1.8647792e-07
6.1878167e-07
2.1106165e-06
4.3158086e-06
1.5601409e-05
2.3860113e-07
4.1413468e-08
2.6596408e-08
3.3126376e-08
7.7340797e-08
1.179654e-07
4.1133665e-07
1.2162293e-07
2.0403948e-07
2.6812726e-07
4.6835309e-07
1.178613e-06
3.3874343e-06
1.7754144e-05
8.5033935e-05
2.3672587e-07
1.3822734e-07
1.6734933e-07
2.906885e-07
1.0452944e-06
1.3459941e-06
4.4132711e-06
2.0357256e-06
5.2336128e-06
6.0031538e-06
6.2553538e-06
7.8092896e-06
1.0331233e-05
4.2598068e-05
0.00012280848
1.9913796e-07
2.6599033e-07
5.7940511e-07
1.1736472e-06
4.143445e-06
3.9237295e-06
1.2046428e-05
8.7260705e-06
2.4209465e-05
2.8257098e-05
2.5053691e-05
2.6965253e-05
2.6760762e-05
5.2283956e-05
3.7943467e-06
1.4732187e-07
2.4671842e-07
5.3983101e-07
1.1919782e-06
4.3147414e-06
1.4325478e-06
1.6526396e-05
1.0326799e-05
4.412163e-05
5.1261287e-05
4.9991503e-05
5.3561569e-05
5.175736e-05
7.2372303e-05
2.7975282e-05
1.2576547e-07
1.5351252e-07
2.5290448e-07
4.7698766e-07
1.6960151e-06
6.0765446e-07
1.2574255e-05
4.0209257e-06
5.062768e-05
5.9402646e-05
6.8133455e-05
6.8780123e-05
6.8687225e-05
6.5615645e-05
7.8192293e-05
1.2474808e-07
1.1441864e-07
1.0894463e-07
1.4469216e-07
2.8452269e-07
2.3548789e-07
2.8375196e-06
1.1034364e-06
2.68654e-05
5.1390268e-05
5.4071926e-05
5.2493511e-05
4.7609638e-05
3.5604247e-05
3.3905724e-05
1.2508888e-07
1.0917167e-07
1.0016946e-07
9.1137056e-08
9.5779647e-08
9.3745154e-08
3.2226287e-08
2.8091202e-07
7.9975796e-06
2.2797083e-05
2.4303235e-05
2.3323181e-05
2.1949268e-05
1.4181433e-05
1.2887374e-05
1.2513497e-07
1.0914037e-07
9.8868931e-08
9.2074722e-08
8.6683236e-08
8.3525001e-08
7.7507859e-08
1.1489336e-07
1.6803581e-06
4.6398247e-06
5.4349283e-06
5.1704784e-06
4.5824118e-06
3.4298096e-06
3.591517e-06
1.2514369e-07
1.0913894e-07
9.8843555e-08
9.2034184e-08
8.6541953e-08
8.351379e-08
7.680221e-08
8.6047184e-08
2.9862802e-07
7.4278206e-07
8.9413208e-07
7.8845222e-07
7.4847413e-07
6.1323317e-07
6.8035386e-07
1.2515655e-07
1.0907833e-07
9.8993028e-08
9.1670699e-08
8.721592e-08
8.2105744e-08
8.0488325e-08
7.7947715e-08
1.0754042e-07
1.6582497e-07
1.8171488e-07
1.7897437e-07
1.7730432e-07
1.7459504e-07
1.7952093e-07
1.2516123e-07
1.0908961e-07
9.8916922e-08
9.173199e-08
8.7016603e-08
8.2200501e-08
8.0022083e-08
7.6503787e-08
7.8828839e-08
8.6331317e-08
9.1979876e-08
9.4094288e-08
9.5431863e-08
9.7462984e-08
1.0190854e-07
1.2516529e-07
1.091013e-07
9.8822245e-08
9.1850556e-08
8.6717367e-08
8.2601376e-08
7.8805489e-08
7.7017832e-08
7.438514e-08
7.5954151e-08
7.421987e-08
7.7297692e-08
7.8637889e-08
8.0159777e-08
8.3615993e-08
1.2517141e-07
1.0909131e-07
9.8811075e-08
9.1788467e-08
8.6679285e-08
8.2454289e-08
7.8514412e-08
7.60494e-08
7.4101176e-08
7.2811029e-08
7.2369474e-08
7.223537e-08
7.3839496e-08
7.4761776e-08
7.5870124e-08
1.2517627e-07
1.0909394e-07
9.8761884e-08
9.1801227e-08
8.6524938e-08
8.2475227e-08
7.8028937e-08
7.590146e-08
7.2360893e-08
7.2600286e-08
6.9833453e-08
7.1092288e-08
7.0345655e-08
7.1434755e-08
7.1721284e-08
1.2518247e-07
1.0908661e-07
9.8757648e-08
9.1719785e-08
8.6509275e-08
8.2238609e-08
7.8035949e-08
7.5085695e-08
7.2414382e-08
7.0535582e-08
6.9715272e-08
6.8737283e-08
6.8898017e-08
6.8662403e-08
6.8877083e-08
1.251884e-07
1.0908596e-07
9.874259e-08
9.1670545e-08
8.64514e-08
8.2083115e-08
7.7972285e-08
7.454822e-08
7.1946757e-08
6.9811756e-08
6.8675148e-08
6.7685171e-08
6.739675e-08
6.7057948e-08
6.7008531e-08
1.2519459e-07
1.0908759e-07
9.8730219e-08
9.1636476e-08
8.6392675e-08
8.1988728e-08
7.7860966e-08
7.4299146e-08
7.1516921e-08
6.933381e-08
6.7940351e-08
6.6916684e-08
6.6404162e-08
6.6016557e-08
6.5848509e-08
1.2520093e-07
1.0909127e-07
9.8724009e-08
9.1614841e-08
8.635423e-08
8.1930741e-08
7.7787696e-08
7.417338e-08
7.1273764e-08
6.9038339e-08
6.7500774e-08
6.6440494e-08
6.5816861e-08
6.5405044e-08
6.5182676e-08
1.2520713e-07
1.090962e-07
9.8723747e-08
9.1605367e-08
8.6335672e-08
8.1903942e-08
7.7757341e-08
7.4113605e-08
7.1157918e-08
6.8887535e-08
6.7277923e-08
6.6194149e-08
6.5517124e-08
6.509275e-08
6.4844765e-08
1.2521248e-07
1.0910134e-07
9.8726601e-08
9.1603711e-08
8.6329959e-08
8.1898141e-08
7.775696e-08
7.4099587e-08
7.111622e-08
6.8828113e-08
6.7186608e-08
6.6090578e-08
6.5389545e-08
6.4957809e-08
6.4697576e-08
1.2521599e-07
1.0910515e-07
9.8729735e-08
9.1605474e-08
8.6330451e-08
8.1905704e-08
7.7780211e-08
7.4117009e-08
7.1118141e-08
6.8821381e-08
6.7168512e-08
6.6066101e-08
6.5354241e-08
6.491731e-08
6.4650104e-08
1.2521624e-07
1.0910571e-07
9.8733879e-08
9.1619788e-08
8.6369528e-08
8.1998689e-08
7.7993993e-08
7.4408168e-08
7.1163624e-08
6.9097203e-08
6.7078475e-08
6.6253913e-08
6.5268716e-08
6.4996058e-08
6.4597865e-08
1.2526709e-07
1.0971642e-07
1.0092054e-07
9.649361e-08
9.4811994e-08
9.5045446e-08
9.6808625e-08
9.9959355e-08
1.0300736e-07
1.057982e-07
1.0746571e-07
1.0886109e-07
1.0953557e-07
1.101007e-07
1.103384e-07
2.4361623e-07
2.4387376e-07
2.4372772e-07
2.4404169e-07
2.4393885e-07
2.444866e-07
2.4447186e-07
2.4444531e-07
2.431218e-07
2.4256673e-07
2.4133699e-07
2.4087381e-07
2.3920941e-07
2.3865409e-07
2.3659328e-07
2.3624228e-07
2.3388069e-07
2.3369394e-07
2.3109518e-07
2.3112373e-07
2.2834791e-07
2.2863509e-07
2.2575154e-07
2.2630374e-07
2.2334362e-07
2.2411942e-07
2.2106913e-07
2.220407e-07
2.1889517e-07
2.2010551e-07
2.1692965e-07
2.1837941e-07
2.1539094e-07
3.1828309e-06
0.0012890465
0.01138679
0.026924439
0.037912108
0.046023665
0.052700826
0.058259923
0.063272258
0.067364758
0.071102958
0.074299643
0.077184311
0.079927739
0.082744085
0.085817664
0.089422802
0.093787681
0.098921336
0.10533116
0.1125876
0.12079094
0.13031105
0.14104897
0.15292312
0.16565367
0.17897932
0.19221031
0.20512807
0.21658155
0.22759305
2.446289e-07
2.4453827e-07
2.4481815e-07
2.4468676e-07
2.4511147e-07
2.4511851e-07
2.4559307e-07
2.4500871e-07
2.4449752e-07
2.4307369e-07
2.4277409e-07
2.4116484e-07
2.4076337e-07
2.3878639e-07
2.38415e-07
2.3621756e-07
2.3598497e-07
2.3347786e-07
2.3339834e-07
2.3064154e-07
2.3078501e-07
2.2785272e-07
2.282878e-07
2.2527044e-07
2.2603337e-07
2.2298364e-07
2.2407467e-07
2.2101093e-07
2.2241586e-07
2.1927451e-07
2.2133918e-07
2.1575926e-07
3.9939781e-07
0.00016050257
0.0046921645
0.016003235
0.029157643
0.039046788
0.046775472
0.053246164
0.058681252
0.063603691
0.067642136
0.071359554
0.07453054
0.077407395
0.080142423
0.082949057
0.086008564
0.089592778
0.093931182
0.099049506
0.1054464
0.11268249
0.12087289
0.13037818
0.14110233
0.15296399
0.16568356
0.17900002
0.19222371
0.20513617
0.21658642
0.22759607
2.4123681e-07
2.4119911e-07
2.4136137e-07
2.4140364e-07
2.417989e-07
2.4209366e-07
2.4245499e-07
2.4214259e-07
2.4161351e-07
2.4031663e-07
2.4010815e-07
2.3863885e-07
2.3832842e-07
2.364299e-07
2.3611138e-07
2.3397308e-07
2.3367456e-07
2.3139572e-07
2.3105438e-07
2.2878187e-07
2.2833093e-07
2.2626162e-07
2.2563175e-07
2.2392775e-07
2.2316536e-07
2.2182202e-07
2.2109272e-07
2.1994504e-07
2.1948705e-07
2.1384928e-07
2.1413831e-07
1.9772088e-07
5.8315011e-05
0.0024078214
0.011365108
0.023726148
0.033382255
0.041661634
0.048606163
0.054606113
0.059745607
0.06444348
0.068348345
0.072007613
0.075106669
0.077957282
0.080667677
0.083448184
0.086473561
0.090009802
0.094287423
0.09937025
0.10573277
0.11291806
0.12107751
0.13054728
0.1412387
0.15307102
0.16576511
0.17906038
0.19226693
0.20516672
0.21660753
0.22761103
2.4289091e-07
2.4289021e-07
2.4291854e-07
2.4301955e-07
2.4320343e-07
2.4357079e-07
2.4387791e-07
2.436334e-07
2.4261731e-07
2.4178367e-07
2.4080782e-07
2.3998677e-07
2.3872829e-07
2.3769089e-07
2.3632142e-07
2.3515071e-07
2.3379782e-07
2.324775e-07
2.3114015e-07
2.2978899e-07
2.2846535e-07
2.2720219e-07
2.2591097e-07
2.2483639e-07
2.2359953e-07
2.2275767e-07
2.2161329e-07
2.2108385e-07
2.1864481e-07
1.4371063e-06
1.9531844e-06
6.2523317e-05
0.0018290988
0.0097904305
0.02177231
0.031190679
0.038761742
0.045552476
0.051534545
0.056866049
0.061552739
0.065875638
0.069577501
0.073118557
0.076088017
0.078887231
0.081551737
0.084286123
0.087255444
0.090715997
0.094897267
0.099924149
0.10622111
0.11332136
0.12142808
0.13083757
0.14147345
0.15325621
0.16590743
0.17916719
0.19234493
0.20522336
0.2166474
0.22763962
2.4423439e-07
2.4429799e-07
2.4408698e-07
2.4424747e-07
2.4417922e-07
2.4469483e-07
2.4481001e-07
2.4474108e-07
2.4348025e-07
2.4281841e-07
2.415629e-07
2.4095621e-07
2.3934535e-07
2.3862429e-07
2.3675349e-07
2.3611689e-07
2.3398978e-07
2.3353853e-07
2.311748e-07
2.3088902e-07
2.285241e-07
2.2826692e-07
2.2603311e-07
2.2597433e-07
2.235065e-07
2.2528079e-07
2.1506223e-07
2.2607616e-07
1.5322637e-07
8.0031305e-06
0.00016559781
0.0024247722
0.010176213
0.022351638
0.031335994
0.038659765
0.04479508
0.050398867
0.05544405
0.060021951
0.064130851
0.067965237
0.071421126
0.074740898
0.077529517
0.080249035
0.082843697
0.085510306
0.088401048
0.091758065
0.095806871
0.10075956
0.10694408
0.11392625
0.12195304
0.1312727
0.14182559
0.15353435
0.16612165
0.17932858
0.19246349
0.20531012
0.21670871
0.22768362
2.4671323e-07
2.4673722e-07
2.4648217e-07
2.4660923e-07
2.4650195e-07
2.471044e-07
2.4724338e-07
2.4722544e-07
2.4591482e-07
2.4509323e-07
2.4391095e-07
2.4287414e-07
2.4158157e-07
2.4021309e-07
2.3882886e-07
2.3749209e-07
2.3588878e-07
2.3469927e-07
2.3310898e-07
2.3174566e-07
2.3039287e-07
2.2964066e-07
2.2740435e-07
2.2771982e-07
2.2936583e-07
2.2619405e-07
3.8182061e-07
6.4479383e-06
2.085612e-05
0.00055885727
0.004570099
0.013208649
0.025024253
0.033525767
0.040283406
0.046137583
0.051192355
0.055878859
0.06011151
0.063955303
0.067396535
0.070772578
0.073891025
0.07691009
0.079467031
0.082078364
0.084579317
0.08715734
0.08994854
0.093176197
0.097062991
0.10191782
0.10793244
0.11477048
0.12268252
0.13187819
0.14231599
0.15392184
0.1664202
0.17955367
0.19262906
0.20543155
0.21679449
0.22774503
2.5006831e-07
2.501547e-07
2.4984496e-07
2.4988855e-07
2.4984846e-07
2.5050574e-07
2.5065515e-07
2.5075561e-07
2.4948364e-07
2.4848792e-07
2.4700562e-07
2.4620444e-07
2.4406333e-07
2.4365273e-07
2.4066241e-07
2.4097328e-07
2.3747322e-07
2.3777276e-07
2.3446289e-07
2.37404e-07
2.2307711e-07
2.3408147e-07
1.5613637e-07
2.248908e-07
3.4533376e-06
1.2839315e-05
7.1096013e-05
0.00040818269
0.002570795
0.0087885967
0.019442255
0.029395961
0.03706745
0.043450268
0.048780922
0.053540207
0.05775181
0.061721995
0.065241575
0.068399829
0.071328333
0.074213979
0.076946343
0.079620092
0.0819094
0.084387626
0.086774315
0.089246658
0.091921163
0.094998226
0.098710955
0.10341979
0.10921871
0.11589121
0.12364636
0.13268008
0.14296647
0.15443619
0.16681653
0.17985241
0.19284875
0.20559266
0.21690807
0.22782606
2.5511759e-07
2.5504549e-07
2.5483506e-07
2.5477317e-07
2.5480874e-07
2.556299e-07
2.5591918e-07
2.561106e-07
2.5458244e-07
2.5337102e-07
2.5124172e-07
2.5027915e-07
2.4751044e-07
2.4676564e-07
2.4406162e-07
2.4340394e-07
2.4074051e-07
2.3895423e-07
2.3077838e-07
2.1765353e-07
1.1980045e-06
5.6651944e-06
1.5651947e-05
7.4306541e-05
0.00019413112
0.00068424122
0.0033177395
0.0083239869
0.017079242
0.026986399
0.034930676
0.041699306
0.04745141
0.052477766
0.056796112
0.06073328
0.064300166
0.067632225
0.070571652
0.073258562
0.075717271
0.078155415
0.080512561
0.082824111
0.084836809
0.087163029
0.089421179
0.09177704
0.094323182
0.09723597
0.10078406
0.10526617
0.11084168
0.11731534
0.12487201
0.13370353
0.14379884
0.1550954
0.16732476
0.18023543
0.1931302
0.20579887
0.2170531
0.22792917
2.6162564e-07
2.6111375e-07
2.6118262e-07
2.6069242e-07
2.6144669e-07
2.6247201e-07
2.624784e-07
2.6318392e-07
2.6169776e-07
2.6114875e-07
2.5859e-07
2.5562681e-07
2.5542523e-07
2.5158246e-07
2.5403788e-07
1.8586914e-07
2.9763932e-07
3.3866552e-08
1.3777809e-06
6.4425603e-05
5.0129318e-05
0.00026339355
0.001121599
0.0029520359
0.0068487782
0.011939957
0.019182134
0.026932529
0.034242981
0.040791979
0.04664866
0.051918818
0.056528609
0.060640503
0.064245684
0.067584581
0.070595852
0.073440805
0.076004948
0.078289473
0.08038229
0.082452409
0.084482494
0.08644454
0.088205545
0.090365955
0.092489944
0.094726448
0.097138608
0.099911818
0.10323566
0.10748968
0.11282034
0.11906301
0.12638227
0.1349711
0.14483384
0.15591723
0.16795925
0.18071376
0.19348153
0.20605601
0.21723356
0.22805705
2.703646e-07
2.6990274e-07
2.6907166e-07
2.6945947e-07
2.6924226e-07
2.7013378e-07
2.8401521e-07
2.7888339e-07
2.7276869e-07
2.695009e-07
2.6633159e-07
2.721829e-07
2.1513704e-07
6.8964468e-08
7.6393127e-07
9.7395841e-06
1.8517241e-05
0.00022859869
0.00083743864
0.0022153708
0.0052994596
0.0088945379
0.014203924
0.018729408
0.024367077
0.02956724
0.03529621
0.040722583
0.046193956
0.051431331
0.056192908
0.060554936
0.064447456
0.067948129
0.071046964
0.073948096
0.076596552
0.079093583
0.081349961
0.083338137
0.085172486
0.086969701
0.088741004
0.090413471
0.091939998
0.093937307
0.095932666
0.098057511
0.1003475
0.10295489
0.10607428
0.11008916
0.11515933
0.12114486
0.12819299
0.13650097
0.14608976
0.15691841
0.16873409
0.1812986
0.19391116
0.20637027
0.21745371
0.22821266
2.8121184e-07
2.7992271e-07
2.8009315e-07
2.781444e-07
2.6988166e-07
3.8808653e-07
1.7895748e-06
1.3625799e-06
6.6260906e-07
2.4319478e-07
3.3274505e-06
6.3904902e-06
8.0572502e-06
3.9108971e-05
0.00028427034
0.0014062839
0.0039312857
0.0081286452
0.012927541
0.016995663
0.021619107
0.025416172
0.029721884
0.033700346
0.037753258
0.041678803
0.046235137
0.050804384
0.055501942
0.060014113
0.064153078
0.067952529
0.071349375
0.074448965
0.077223922
0.079833195
0.082234538
0.084493121
0.086524834
0.088307929
0.090007179
0.091647861
0.093147466
0.094666145
0.095926722
0.097818228
0.099709324
0.10170969
0.10387974
0.10634277
0.1092689
0.1130457
0.11784946
0.12356033
0.13031122
0.13830517
0.14758102
0.15811353
0.16966247
0.1820009
0.1944276
0.20674808
0.21771814
0.22839921
2.9311266e-07
2.9190963e-07
2.9058222e-07
2.9095597e-07
7.5529947e-07
1.051111e-05
0.00010358133
0.00011462356
7.3495607e-05
8.0059933e-05
8.2737387e-05
0.00015471463
0.00076123287
0.0033933484
0.0085819988
0.015044214
0.019694342
0.023783117
0.027050621
0.030419804
0.033616613
0.036478308
0.039809979
0.043094296
0.046699518
0.050413618
0.054546827
0.058762663
0.063011688
0.067082144
0.070832133
0.074281683
0.077381181
0.080238392
0.082825664
0.085262348
0.087511921
0.089618591
0.091493602
0.093209639
0.09482483
0.096322812
0.097663037
0.099075126
0.10014876
0.10193748
0.10373583
0.10562928
0.10769064
0.11002413
0.11277553
0.11632617
0.1208673
0.12629709
0.13273393
0.14038811
0.14931692
0.15951412
0.17075599
0.18283099
0.19503929
0.20719605
0.21803167
0.2286202
3.0391234e-07
3.0217154e-07
3.0303715e-07
2.9791644e-07
1.1488653e-05
0.00029979833
0.0021038866
0.0029768193
0.0031030901
0.0029409304
0.003567359
0.0050588906
0.0099440759
0.017646329
0.023023973
0.027149758
0.03023184
0.032908031
0.035329433
0.037866488
0.040681384
0.043493384
0.04666908
0.049929793
0.053491655
0.05719068
0.061173669
0.065208706
0.069203022
0.073006249
0.076521906
0.079767591
0.082707565
0.085437948
0.087937086
0.090291001
0.092462644
0.094481031
0.096312654
0.098017006
0.099532538
0.10098136
0.10223141
0.1035745
0.10453643
0.10623271
0.10794944
0.10975254
0.11171931
0.11394052
0.11654007
0.11988585
0.12417955
0.12933084
0.13544758
0.14274565
0.15130046
0.1611276
0.1720239
0.1837981
0.19575431
0.20772083
0.21839937
0.22887942
3.1603695e-07
3.1795287e-07
2.9031948e-07
5.5153868e-06
0.00061906041
0.0034646145
0.0070548861
0.0070168362
0.0075211109
0.009460976
0.010279229
0.013898306
0.020731465
0.026536353
0.03030157
0.033113883
0.035489361
0.037845273
0.040226465
0.042806914
0.045636843
0.048599649
0.051870689
0.055261762
0.058909891
0.062679223
0.066624379
0.070569618
0.074420439
0.07807302
0.081462271
0.08460792
0.087485057
0.090169834
0.092652527
0.094985152
0.097132478
0.099156488
0.10098436
0.10265583
0.10414006
0.10558119
0.10679643
0.10810328
0.10901493
0.11063971
0.11228711
0.11401494
0.1159018
0.11803128
0.12050667
0.12367526
0.12774215
0.13262741
0.13842873
0.14536486
0.15352771
0.16295653
0.17347249
0.18490991
0.19658015
0.20832899
0.2188265
0.22918097
3.2122104e-06
2.6980488e-06
2.0090359e-05
0.00073404387
0.0045924888
0.0071294938
0.0096957491
0.0096692006
0.010450516
0.012743849
0.015169238
0.020848226
0.026579242
0.030926394
0.033969169
0.036438045
0.038703576
0.041085991
0.043636979
0.046425983
0.049428819
0.052614683
0.056062019
0.05963219
0.063409096
0.067274053
0.071231277
0.075141299
0.078920791
0.082504772
0.085844349
0.088963974
0.091845349
0.094539504
0.09705688
0.099418646
0.10159629
0.10362306
0.10546495
0.10716763
0.10866581
0.11012439
0.11134128
0.11263407
0.11353342
0.11510464
0.11669541
0.11836275
0.12018551
0.12224071
0.12461721
0.12763824
0.13150528
0.13614496
0.14164537
0.14822449
0.1559876
0.1649981
0.17510452
0.18617211
0.1975234
0.20902693
0.21931849
0.22952927
0.00016900169
0.00020597381
0.00099524436
0.0042565398
0.007053727
0.0093113748
0.010809965
0.011167733
0.012785384
0.015721027
0.019654538
0.025126898
0.029933425
0.033477847
0.036153747
0.038556959
0.040933603
0.043476497
0.046268252
0.049302888
0.052528707
0.055952274
0.059595408
0.063351511
0.06726498
0.071229325
0.075222944
0.079135044
0.082893443
0.086468028
0.08981273
0.092958298
0.095889078
0.098633428
0.10119919
0.10361571
0.10585772
0.1079402
0.10982039
0.11156725
0.11310331
0.11459523
0.11584113
0.11713854
0.11805503
0.11958072
0.12112424
0.12274249
0.12451389
0.12651191
0.12881465
0.13171922
0.13541641
0.13983676
0.14505901
0.15129613
0.15866234
0.16724403
0.17691889
0.1875881
0.19858957
0.20982071
0.21988092
0.22992908
0.00062457261
0.00094878318
0.0030097062
0.0061737614
0.0086873991
0.010168198
0.011680144
0.012790418
0.01495391
0.01849813
0.023034476
0.027996198
0.032056188
0.035098639
0.037619255
0.040087722
0.042637863
0.045412582
0.048460134
0.051733526
0.055190878
0.058843245
0.062677318
0.066609238
0.070653699
0.074714898
0.07875831
0.082701073
0.086474151
0.090082102
0.093469688
0.096664865
0.099659053
0.10249388
0.10514978
0.10764885
0.10996038
0.11210571
0.11404062
0.11584358
0.11743435
0.1189704
0.12026216
0.12157672
0.12252934
0.12402078
0.12552632
0.12710608
0.12883838
0.13079477
0.13304674
0.13586477
0.13942299
0.14365388
0.14862706
0.15454593
0.1615283
0.16968081
0.17891058
0.18915875
0.19978287
0.21071598
0.22051948
0.23038554
0.00091511847
0.0018300565
0.0045615431
0.0073071626
0.009339295
0.010977265
0.012658454
0.014316297
0.017026101
0.020994688
0.025585168
0.029969744
0.033464507
0.036214976
0.038724384
0.041323773
0.044081583
0.047087258
0.050373198
0.053886038
0.057559357
0.061422083
0.065432844
0.069524503
0.073690223
0.077846008
0.0819424
0.085934892
0.089753432
0.093406121
0.096871076
0.10015723
0.10325016
0.10618273
0.10893231
0.11151768
0.1139072
0.11612397
0.11812461
0.11999057
0.12164562
0.12323202
0.12457914
0.12591906
0.12691902
0.12838523
0.12986117
0.13141188
0.13311612
0.13504482
0.13726645
0.14002541
0.14347476
0.14754774
0.1523052
0.15793656
0.16455736
0.17229043
0.1810708
0.1908824
0.20110615
0.21171791
0.22123996
0.23090419
0.0013183971
0.003008917
0.0056863767
0.0080734112
0.010015422
0.011737228
0.013598382
0.015744142
0.018880689
0.023062433
0.027488931
0.031351134
0.034450496
0.037076395
0.03965507
0.042414349
0.045383527
0.048609592
0.05211766
0.055843499
0.05971723
0.063768297
0.067938764
0.072168708
0.07644061
0.080687297
0.084855159
0.088909337
0.092801248
0.096534622
0.10009113
0.10347532
0.10667097
0.10970627
0.1125547
0.11523059
0.11770208
0.11999397
0.12206615
0.1239984
0.12572219
0.12736187
0.12876859
0.13013895
0.13119186
0.13264007
0.13409385
0.13562397
0.13731009
0.13922354
0.14143262
0.14415676
0.14752533
0.15147214
0.15604958
0.16142922
0.16771852
0.17505133
0.18338753
0.19275497
0.20256089
0.21283114
0.22204826
0.23149102
0.0021513828
0.0040090203
0.0065276055
0.0087361379
0.010654532
0.012426216
0.014460672
0.017018628
0.020479976
0.024708297
0.028891988
0.032339276
0.0352108
0.037817645
0.040509086
0.043436273
0.046606495
0.050035698
0.053743659
0.057658032
0.061712775
0.065925596
0.070236184
0.074596583
0.078973902
0.083309169
0.087557668
0.09168488
0.09566063
0.099484753
0.10314275
0.10663207
0.10993515
0.11307436
0.11602201
0.11878855
0.12134268
0.12371017
0.12585598
0.12785527
0.12964873
0.13134231
0.13280929
0.13421289
0.13532052
0.13675671
0.13819495
0.13971207
0.14138904
0.14329835
0.14551005
0.14822014
0.15153339
0.15538479
0.15981871
0.16498562
0.1709795
0.17793962
0.18584615
0.19477026
0.20414725
0.21405984
0.2229504
0.23215251
0.0028118239
0.0047735337
0.0071732315
0.0093371525
0.011257672
0.01305258
0.015232799
0.018116262
0.021809962
0.026000935
0.029922599
0.03308841
0.035856392
0.038512523
0.041336961
0.044428171
0.047782428
0.051393602
0.055274196
0.059350316
0.063568563
0.067928938
0.072369486
0.076844184
0.081317614
0.085739656
0.090072786
0.094284067
0.098353288
0.10227689
0.10604094
0.10963764
0.11304835
0.11628945
0.11933357
0.12218814
0.12482318
0.12726468
0.12948363
0.13154892
0.13341065
0.13515721
0.13668274
0.13812082
0.13928246
0.14071173
0.14214037
0.14365141
0.14532732
0.14724237
0.14946946
0.15218277
0.15546329
0.1592484
0.16357484
0.16856953
0.17430842
0.18093039
0.18843033
0.19692043
0.20586433
0.21540779
0.22395261
0.23289569
0.0033680164
0.0054423888
0.0077434672
0.0098963724
0.011836118
0.013632475
0.015910931
0.019030683
0.022876611
0.026983711
0.030680921
0.033695859
0.036451203
0.039198899
0.042163255
0.045406118
0.048922008
0.052693731
0.056727551
0.060948011
0.06530662
0.069792817
0.074347186
0.078925757
0.083491408
0.088001746
0.092423555
0.096726487
0.10089496
0.10492219
0.10879292
0.1124957
0.11601105
0.11934983
0.12248569
0.12542387
0.12813648
0.13064909
0.13293898
0.13506803
0.13699511
0.13879266
0.14037366
0.14184641
0.14305983
0.1444868
0.14591121
0.1474225
0.14910469
0.15103417
0.15328718
0.15601783
0.15928542
0.16303132
0.16728494
0.17214812
0.17767512
0.18399896
0.19112297
0.19919654
0.2077104
0.21687845
0.22506137
0.23372819
0.0043211425
0.0060236518
0.0082277609
0.010413604
0.012401344
0.014188926
0.016500624
0.019765217
0.023698669
0.027710883
0.031257865
0.034217334
0.037026146
0.039890273
0.042992633
0.046377262
0.050037799
0.053947469
0.058109115
0.062451054
0.066930184
0.071525806
0.076182009
0.080856383
0.085511805
0.09011177
0.094625301
0.09902437
0.10329463
0.10742601
0.1114012
0.11520625
0.11882112
0.12225189
0.12547413
0.12849213
0.1312794
0.13386073
0.13621923
0.13840975
0.1403987
0.14224486
0.14387736
0.14538413
0.1466448
0.148071
0.14949602
0.15101327
0.15270803
0.15465902
0.15694565
0.15970417
0.16297617
0.16670777
0.17092132
0.17569283
0.18105235
0.18712203
0.19390713
0.20158923
0.20968328
0.21847519
0.22628352
0.23465835
0.0067389769
0.0064976679
0.0086306308
0.010893979
0.012969158
0.014745456
0.017012413
0.02033049
0.024299912
0.02823115
0.031703794
0.034687639
0.037595729
0.040593788
0.043831374
0.047342166
0.051125396
0.05515087
0.059418932
0.063863234
0.068444944
0.073135808
0.077883815
0.082647688
0.087391088
0.092081372
0.096688214
0.10118517
0.10555698
0.10979065
0.11386743
0.11777074
0.12148015
0.12499787
0.12829978
0.13138908
0.13424367
0.13688743
0.13930895
0.14155609
0.14360206
0.1454936
0.14717418
0.14871462
0.15002074
0.15145121
0.15288197
0.15441091
0.1561246
0.15810446
0.16043288
0.16322982
0.16652021
0.17025869
0.1744618
0.17917994
0.18441654
0.1902786
0.19676691
0.20408929
0.2117807
0.22020146
0.22762635
0.23569524
0.012028677
0.0068818487
0.0089851828
0.011362655
0.013576007
0.015345154
0.017481768
0.02075606
0.024713273
0.028588958
0.032053868
0.035125097
0.03816622
0.041308372
0.044676467
0.04830123
0.052189166
0.056310588
0.060665622
0.06519473
0.069862713
0.074636174
0.079467079
0.084314782
0.089143895
0.093923846
0.098624674
0.10321973
0.10769158
0.11202363
0.11619386
0.1201863
0.12398045
0.12757542
0.13094982
0.13410536
0.13702289
0.13972532
0.14220579
0.14450583
0.14660416
0.1485377
0.15026187
0.15183427
0.15318163
0.15462157
0.15606289
0.15760841
0.15934592
0.16135965
0.16373447
0.16657662
0.16990103
0.17367005
0.17789157
0.18259079
0.18774833
0.19345069
0.19968815
0.20668832
0.21400073
0.22206103
0.22909776
0.23684878
0.011567972
0.0072587466
0.0093470917
0.011876377
0.014289751
0.016061
0.017973735
0.021087597
0.024978761
0.028823793
0.032332876
0.035537331
0.038739058
0.042037076
0.04553512
0.049265063
0.053242711
0.057442488
0.061866775
0.066464195
0.071203043
0.076046979
0.080952036
0.085878074
0.090789985
0.095657005
0.10044737
0.10513517
0.10970007
0.11412321
0.11838058
0.12245544
0.12632731
0.12999298
0.13343271
0.13664795
0.13962258
0.14237851
0.14491265
0.14726089
0.14940648
0.15137838
0.15314204
0.15474468
0.15612958
0.15758253
0.15903887
0.16060548
0.16237126
0.16442333
0.16684866
0.16974232
0.17311241
0.17692973
0.18119585
0.18591336
0.19103307
0.1966238
0.20265902
0.20937921
0.21634208
0.22405816
0.23070626
0.23812975
0.011081767
0.0076703313
0.0097594361
0.012467406
0.01515016
0.016950042
0.018552424
0.021371575
0.025128088
0.028952835
0.032541902
0.035920824
0.039305103
0.042773465
0.046406121
0.050237444
0.054294036
0.058557752
0.063035823
0.067686362
0.072482055
0.077385204
0.082354788
0.087350827
0.092338788
0.097287376
0.10216288
0.10693843
0.11159043
0.11609741
0.12043401
0.12458322
0.12852467
0.13225341
0.13575132
0.13901979
0.14204554
0.14484953
0.14743172
0.14982312
0.1520108
0.15401736
0.15581665
0.15744767
0.15886677
0.16033609
0.16181151
0.16340324
0.16520105
0.16729509
0.16977421
0.17272501
0.17615234
0.18003534
0.18436927
0.18913561
0.19426044
0.19978745
0.20567039
0.21215655
0.21880453
0.22619785
0.23246118
0.23954988
0.010516548
0.0081226038
0.010234079
0.013128975
0.016162738
0.018039997
0.019286168
0.021656399
0.025192554
0.028990027
0.032675097
0.036252229
0.039844962
0.043500538
0.04727872
0.051214354
0.05534492
0.059662665
0.064182477
0.068873138
0.073711452
0.078661365
0.083685631
0.08874376
0.093801109
0.098824717
0.10377857
0.10863469
0.11336604
0.11794883
0.12235662
0.12657226
0.13057545
0.13436004
0.1379094
0.14122493
0.14429594
0.14714243
0.14976686
0.15219623
0.15442093
0.15645858
0.15829
0.15994756
0.16139803
0.16288682
0.16438509
0.16600547
0.16783849
0.16997747
0.17251312
0.1755264
0.179022
0.18298665
0.18740997
0.19225483
0.19742319
0.20293408
0.20871638
0.21501698
0.22138908
0.22848605
0.23437267
0.24112187
0.009823787
0.0086192954
0.010790457
0.013856463
0.017356585
0.019403928
0.020281444
0.022029986
0.025216167
0.028947163
0.032734925
0.036521652
0.040355119
0.04423241
0.048183142
0.05224048
0.056452099
0.060823185
0.065378273
0.070100138
0.074971689
0.079960019
0.085031678
0.090145852
0.095267743
0.10036229
0.10539078
0.11032383
0.11513077
0.1197856
0.12426091
0.12853935
0.13260068
0.13643777
0.14003544
0.14339512
0.14650843
0.14939443
0.15205777
0.15452217
0.15678116
0.15884835
0.16071062
0.16239456
0.16387549
0.16538607
0.16690975
0.16856097
0.17043094
0.17261623
0.17520951
0.17828843
0.18185969
0.18591673
0.19044374
0.19538699
0.20062516
0.20615147
0.211867
0.2180144
0.2241347
0.23095025
0.23646051
0.2428592
0.0089094182
0.0091514831
0.011436977
0.014625895
0.018691448
0.021030615
0.021619726
0.022603357
0.025265216
0.028841265
0.0327147
0.036711129
0.040812614
0.044953665
0.049119618
0.053331985
0.057644852
0.062078347
0.066670096
0.071419339
0.076317178
0.081336588
0.086448841
0.091613168
0.096794845
0.10195665
0.10705686
0.11206448
0.11694498
0.12167009
0.12621142
0.13055126
0.13466931
0.1385576
0.14220234
0.14560494
0.14875919
0.15168315
0.15438349
0.15688123
0.15917298
0.16126908
0.16316177
0.16487245
0.16638364
0.16791802
0.16946893
0.17115253
0.17306066
0.17529324
0.1779451
0.18109249
0.18474584
0.18890437
0.19354726
0.19860563
0.20393533
0.20950274
0.21517831
0.22119698
0.22708245
0.23362527
0.23875271
0.24478413
0.0077429355
0.009708489
0.012156072
0.015402392
0.020091034
0.022842626
0.023310588
0.023494447
0.025429409
0.028723672
0.032613882
0.03680243
0.041182669
0.045611441
0.050042775
0.054453981
0.058900154
0.06341538
0.068051951
0.072828802
0.07774788
0.082790929
0.087935401
0.093141471
0.098375142
0.1035975
0.10876375
0.11384127
0.11879144
0.12358379
0.12818871
0.13258793
0.13676087
0.1406988
0.14438913
0.14783319
0.1510267
0.15398672
0.1567218
0.15925084
0.16157344
0.16369736
0.16561953
0.16735672
0.16889752
0.17045736
0.17203724
0.17375474
0.17570232
0.17798331
0.18069503
0.18391417
0.18765623
0.19192546
0.19669676
0.20188785
0.2073326
0.21296978
0.21863678
0.22455705
0.23023119
0.23651637
0.24126028
0.24691069
0.006368058
0.010295042
0.01289366
0.016148869
0.021465711
0.024742381
0.025317862
0.024805491
0.025833715
0.028674554
0.032462113
0.036777964
0.041421681
0.046170678
0.050896018
0.055567989
0.06019418
0.064824165
0.069524714
0.074337125
0.079277299
0.084338943
0.089507849
0.094746667
0.10002329
0.10529822
0.11052378
0.11566582
0.12068161
0.12553841
0.1302051
0.13466252
0.13888954
0.14287656
0.146612
0.150097
0.1533289
0.15632381
0.15909198
0.16165082
0.16400276
0.1661537
0.16810463
0.16986817
0.17143819
0.17302487
0.17463517
0.17638782
0.178376
0.18070643
0.18347925
0.18677333
0.19061028
0.19499873
0.19991018
0.20525067
0.21083299
0.21656772
0.22225701
0.2281093
0.23359633
0.23964015
0.2440008
0.24925608
0.0054074707
0.010996611
0.013631215
0.016847661
0.022794656
0.026685976
0.027666367
0.026598923
0.02666824
0.028799879
0.032324751
0.036648497
0.041503709
0.04658104
0.051656394
0.056631985
0.061511126
0.066305182
0.071101825
0.075966818
0.080933716
0.086011667
0.091197885
0.096459666
0.10176853
0.10708619
0.11236257
0.11756242
0.12263885
0.12755693
0.13228356
0.1367983
0.14107905
0.14511523
0.14889596
0.15242198
0.15569195
0.15872103
0.16152104
0.16410844
0.16648839
0.1686656
0.17064458
0.17243419
0.17403308
0.17564764
0.17728949
0.17907825
0.18110797
0.18348867
0.18632372
0.1896956
0.193633
0.19814832
0.20321068
0.20871608
0.21445715
0.22031586
0.22605712
0.23187117
0.23719523
0.24301432
0.24699256
0.25183754
0.0051445599
0.011664122
0.014395751
0.017541355
0.024111942
0.02871869
0.030464912
0.028982708
0.028226845
0.029281097
0.03231949
0.036473893
0.041432377
0.046819221
0.05230234
0.057657962
0.062857432
0.067896321
0.072838333
0.077784437
0.082790583
0.087885386
0.093082072
0.09835546
0.10368318
0.10903079
0.11434667
0.11959515
0.12472527
0.12970011
0.13448399
0.13905474
0.14338874
0.14747421
0.15130058
0.15486794
0.15817588
0.16123862
0.16406936
0.16668408
0.16909065
0.17129318
0.17329926
0.17511439
0.17674169
0.17838461
0.18005853
0.18188386
0.18395556
0.18638685
0.18928464
0.19273627
0.19677836
0.20142667
0.20664886
0.21233226
0.21825022
0.22425558
0.2300742
0.23587528
0.24105624
0.24666365
0.25025743
0.2546729
0.0048461619
0.012246786
0.015192365
0.018306861
0.025383271
0.030791248
0.0335542
0.032046984
0.030513821
0.03053898
0.032659897
0.03643335
0.041270264
0.04688205
0.052791887
0.058630716
0.064231891
0.069610998
0.074777105
0.079850388
0.084920257
0.09003889
0.095242192
0.10051585
0.1058471
0.11120907
0.11654982
0.12183458
0.12700862
0.13203353
0.13687036
0.14149476
0.14588092
0.15001555
0.15388792
0.1574971
0.16084321
0.16393939
0.16680002
0.169441
0.17187276
0.17409948
0.17613144
0.17797119
0.17962628
0.18129736
0.18300323
0.18486489
0.18697846
0.18946008
0.19242045
0.19595273
0.20010237
0.20488827
0.21027759
0.21615
0.22226035
0.22843173
0.23434909
0.24015796
0.245211
0.2506153
0.25381848
0.25777981
0.0036163726
0.012712246
0.015968973
0.019271617
0.026365632
0.032757377
0.036509886
0.035803765
0.033552
0.032894768
0.033651149
0.036783767
0.041222325
0.046824883
0.053103461
0.059486327
0.065626939
0.071417951
0.076925578
0.082196357
0.087372286
0.092533008
0.097746494
0.10301213
0.10833174
0.11369075
0.1190387
0.12434389
0.1295485
0.13461382
0.13949683
0.14417073
0.14860666
0.15278963
0.15670811
0.1603596
0.16374426
0.16687402
0.1697641
0.17243054
0.1748862
0.17713589
0.17919221
0.18105533
0.18273732
0.18443564
0.18617258
0.18806965
0.19022436
0.19275541
0.19577746
0.19939014
0.20364869
0.20857524
0.21413757
0.22020835
0.22652482
0.23287952
0.23891461
0.2447492
0.24968633
0.25489272
0.257696
0.26117315
0.0025989474
0.012828508
0.016584395
0.020501517
0.026875923
0.034185113
0.038716458
0.039985094
0.037319707
0.036116497
0.035954419
0.037845283
0.041683246
0.046818455
0.053275105
0.060193742
0.066973851
0.073340376
0.079247152
0.084840318
0.090187368
0.095424222
0.10066395
0.1059196
0.11121522
0.11655394
0.12188903
0.12719527
0.13241288
0.13750512
0.14242398
0.14714037
0.15162147
0.15585055
0.15981436
0.16350823
0.16693178
0.17009551
0.17301494
0.17570641
0.17818484
0.18045627
0.1825352
0.18442011
0.18612779
0.1878516
0.18961789
0.19154851
0.19374284
0.19632157
0.19940341
0.2030948
0.20746175
0.21253011
0.21826967
0.22454636
0.23108088
0.23763426
0.24380377
0.24967904
0.25450867
0.25951811
0.26190815
0.26486409
0.00067512953
0.01192141
0.017039209
0.021837844
0.026717738
0.033791295
0.038668774
0.043720706
0.041588901
0.040010655
0.039539333
0.040057088
0.042966481
0.047285547
0.053452531
0.060780339
0.068232558
0.075302204
0.081786291
0.08774571
0.093387104
0.098754218
0.10405541
0.10930913
0.11457532
0.1198797
0.1251813
0.13046655
0.13567545
0.14077695
0.14571683
0.15046486
0.15498314
0.15925381
0.16326058
0.16699588
0.17045812
0.17365614
0.17660506
0.17932151
0.1818219
0.18411402
0.18621368
0.18811865
0.18985057
0.19159723
0.19339022
0.19535147
0.19758283
0.20020639
0.2033449
0.20711158
0.21158415
0.21679312
0.22271214
0.22920026
0.23596299
0.2427287
0.24904733
0.25497536
0.25970208
0.26451041
0.26646887
0.26885764
0.00027092529
0.007865326
0.016518606
0.022307498
0.025217046
0.028867016
0.034686972
0.043820676
0.045703909
0.044413599
0.04369221
0.043924984
0.045268028
0.048671568
0.053963507
0.061385091
0.06941645
0.077258121
0.084448148
0.090953139
0.096943891
0.1025235
0.10795921
0.11323106
0.11847504
0.12373947
0.12898974
0.13423185
0.13940763
0.1444975
0.14943863
0.15420286
0.15874592
0.16305071
0.16709559
0.17086946
0.174369
0.1776011
0.18057961
0.18332128
0.18584332
0.18815546
0.19027419
0.19219765
0.19395227
0.19571839
0.19753449
0.1995224
0.201787
0.20445127
0.20764184
0.21147841
0.21605119
0.22139663
0.22749515
0.23419791
0.24119749
0.24818803
0.25466934
0.26065979
0.26528449
0.26988171
0.27138447
0.27314898
7.232257e-06
0.002056216
0.012147305
0.019971953
0.021150374
0.023560166
0.02662397
0.039094403
0.046870353
0.048568118
0.048150685
0.048138753
0.049010062
0.051002064
0.055292622
0.062275382
0.070621993
0.079192779
0.087166248
0.094342161
0.1008201
0.10673808
0.11232965
0.11768503
0.12293518
0.12817009
0.1333586
0.13854013
0.14365964
0.14871714
0.15363543
0.1583965
0.1629471
0.16727586
0.17135069
0.17515747
0.17869085
0.18195565
0.18496329
0.18773063
0.19027459
0.19260673
0.19474347
0.19668454
0.19846065
0.20024246
0.20207747
0.20408725
0.20638021
0.20907982
0.21231631
0.21621528
0.22088004
0.22635456
0.23263034
0.23954851
0.2467927
0.25402068
0.26067876
0.26674034
0.27126127
0.27563133
0.27664824
0.27771788
1.7626499e-06
5.8982934e-05
0.0025715467
0.0097928435
0.0099844336
0.0077997285
0.0095813279
0.024916177
0.042166366
0.04923349
0.051417186
0.052214374
0.052906905
0.054462445
0.057499971
0.063682962
0.071983114
0.081098928
0.0898269
0.097757027
0.10485523
0.11122155
0.11707026
0.12256887
0.12788052
0.13310489
0.13825411
0.14337082
0.14842053
0.15343277
0.15830175
0.16304022
0.16757765
0.1719207
0.17601346
0.17984405
0.18340528
0.18669971
0.18973492
0.19252856
0.1950955
0.19744857
0.19960353
0.20156282
0.20336026
0.20515436
0.20700414
0.20903097
0.21134688
0.21407575
0.21735084
0.221303
0.2260491
0.23164214
0.23809138
0.24522349
0.25272084
0.26020162
0.26705464
0.27319822
0.27761397
0.28173579
0.28223171
0.2825203
3.4340567e-07
3.5494887e-07
3.3084417e-05
0.00051217957
0.00087776566
0.00099441627
0.0014535441
0.008560878
0.027540041
0.043757898
0.050424431
0.05331822
0.055031069
0.057064878
0.060027369
0.065413058
0.07339649
0.082758031
0.092096328
0.10083649
0.10869346
0.11562234
0.12183387
0.12757387
0.13304135
0.13832244
0.14347346
0.14854517
0.1535329
0.15847952
0.16330457
0.1680145
0.17251874
0.17687858
0.18097132
0.18481441
0.18839614
0.19171618
0.1947765
0.19759877
0.2001911
0.20256772
0.20474355
0.20672447
0.20854548
0.21035028
0.21221198
0.2142524
0.2165868
0.21933953
0.22264607
0.22664187
0.23145808
0.23715766
0.24377768
0.25112103
0.25888501
0.26664216
0.27371933
0.27996449
0.28428057
0.2881316
0.28807024
0.28747514
1.5295899e-07
1.2294374e-07
1.3299546e-07
6.9517291e-07
1.9192266e-06
2.8963962e-06
2.2514752e-05
0.00078772525
0.0075493331
0.025111658
0.040121201
0.047962285
0.052463284
0.055800112
0.059309385
0.064652615
0.072614844
0.082390299
0.09293637
0.10270105
0.11143827
0.11903924
0.12573346
0.13190332
0.13769593
0.14317001
0.14842382
0.15351254
0.15849277
0.16342633
0.16822575
0.17291461
0.17742764
0.18176632
0.1858684
0.18972561
0.19332607
0.1966716
0.19975703
0.20261966
0.20524207
0.20764923
0.20985427
0.21186626
0.21371787
0.21553609
0.21741087
0.21946561
0.2218178
0.22459281
0.22792708
0.23196051
0.23684084
0.24263951
0.24943679
0.25699101
0.26505055
0.27312786
0.28048396
0.286873
0.29111671
0.2946829
0.29403742
0.29244299
9.9037189e-08
9.552365e-08
9.4932021e-08
9.6859636e-08
1.015277e-07
1.1499076e-07
1.7589205e-07
1.0660399e-05
0.00060579941
0.0049482211
0.016322263
0.028778548
0.038411905
0.045040375
0.050436166
0.056760643
0.065483557
0.076217288
0.087851757
0.098939799
0.10896441
0.11808093
0.12635417
0.13357073
0.14008704
0.1460888
0.15161389
0.15686815
0.16202072
0.16712555
0.17198891
0.17676914
0.18136031
0.18573314
0.18986101
0.19375409
0.19739072
0.20078249
0.20392654
0.20683723
0.20951808
0.21198145
0.21424018
0.21630656
0.21820788
0.22005274
0.22195114
0.22403077
0.22641004
0.22921475
0.23258274
0.23666078
0.24161985
0.2475299
0.25453986
0.26231455
0.27073967
0.27922521
0.28696748
0.29359055
0.29783813
0.30113236
0.29990553
0.29719285
8.3784667e-08
8.4348813e-08
8.5280902e-08
8.6036807e-08
8.7108132e-08
8.8151189e-08
9.3189074e-08
1.2216209e-07
2.5182665e-06
0.00010432521
0.0012125098
0.0049626377
0.011577626
0.018496875
0.025164452
0.032797897
0.0429258
0.055507594
0.069380755
0.082953068
0.095535987
0.10690291
0.11707257
0.12601366
0.13398666
0.14121058
0.14813801
0.15472613
0.16086008
0.16662056
0.17203372
0.17718477
0.182074
0.1866109
0.19085893
0.19491547
0.19867382
0.20222478
0.20552534
0.20858061
0.21139835
0.21398997
0.21636915
0.21855071
0.22055306
0.22246487
0.22442035
0.22655698
0.22899398
0.23185846
0.23529056
0.23946156
0.24458099
0.25067171
0.25801036
0.26604218
0.275017
0.28409687
0.29244169
0.29948756
0.30391731
0.3070154
0.30527786
0.30134803
7.6124364e-08
7.657584e-08
7.6861291e-08
7.7317324e-08
7.7753348e-08
7.8259271e-08
7.8961383e-08
8.0569624e-08
8.6925874e-08
1.9665509e-07
4.2649229e-06
5.3633957e-05
0.00031902281
0.0010449365
0.0025345388
0.0052357996
0.0098961609
0.018112729
0.030056779
0.04438516
0.059850502
0.074658164
0.088218495
0.10031537
0.11114424
0.12096866
0.13006034
0.13849749
0.14628935
0.15349393
0.16016437
0.16637115
0.17218248
0.17777039
0.1830453
0.18794452
0.19242767
0.19655266
0.20034685
0.20383394
0.20703526
0.20997131
0.21266261
0.21512868
0.21737724
0.21947473
0.22157368
0.22384597
0.22641633
0.22942597
0.23307785
0.23753879
0.24300212
0.24956034
0.25756747
0.26595071
0.27600804
0.28608913
0.29549397
0.3033647
0.30837242
0.31149151
0.30946088
0.3042934
7.1819457e-08
7.1798067e-08
7.1853109e-08
7.1799194e-08
7.1859973e-08
7.1849112e-08
7.1803496e-08
7.1982496e-08
7.1702031e-08
7.3273228e-08
7.5241663e-08
8.8320494e-08
2.8658665e-07
2.0001058e-06
9.4314685e-06
4.0870803e-05
0.00016613187
0.00066179656
0.0022813096
0.0063811495
0.01365591
0.023311223
0.034734345
0.047052929
0.059799368
0.072463732
0.084584387
0.09597611
0.10657641
0.11638502
0.12542578
0.13375666
0.14149158
0.1487183
0.15544963
0.16168157
0.16741536
0.17267932
0.17750625
0.18192967
0.18598183
0.18969275
0.19308963
0.1961939
0.19899132
0.20152901
0.20409294
0.20692658
0.21018455
0.2140319
0.21859098
0.22405881
0.23064555
0.23850442
0.24812527
0.25818293
0.26974827
0.28121661
0.29331899
0.30289755
0.30935377
0.31302489
0.31122474
0.30501705
6.8783168e-08
6.8654506e-08
6.8536793e-08
6.8375576e-08
6.8257982e-08
6.807279e-08
6.7952778e-08
6.7747376e-08
6.7590271e-08
6.7345451e-08
6.7222106e-08
6.6985246e-08
6.7648356e-08
6.7971974e-08
6.8704196e-08
7.3263536e-08
1.1664277e-07
7.3346898e-07
6.1354548e-06
4.3881033e-05
0.00022223144
0.00078428991
0.0021475533
0.0049958828
0.0096771536
0.015498531
0.02248999
0.030492887
0.039246678
0.048492841
0.057881512
0.067255708
0.076506957
0.085453919
0.09398254
0.1020009
0.10948116
0.11642384
0.12284408
0.12876901
0.13423114
0.13926256
0.14389151
0.14813759
0.15196163
0.15538246
0.15877619
0.1624799
0.16670736
0.17168921
0.17766907
0.18490584
0.19365519
0.20413801
0.2166689
0.23110996
0.24713484
0.2641425
0.2798267
0.29248242
0.30328807
0.30875236
0.30832665
0.30183813
6.6854634e-08
6.6690849e-08
6.6518843e-08
6.6326867e-08
6.6136147e-08
6.5916929e-08
6.5713036e-08
6.5462545e-08
6.524854e-08
6.4959441e-08
6.4740112e-08
6.4406198e-08
6.4204344e-08
6.3826896e-08
6.3699391e-08
6.3248585e-08
6.339569e-08
6.3847109e-08
6.3725905e-08
6.852556e-08
1.2679489e-07
7.0780626e-07
3.9286036e-06
1.7076e-05
7.5762171e-05
0.00020130894
0.00053244738
0.0011175794
0.0021374787
0.0038263241
0.0060927538
0.0093868476
0.012972999
0.016942088
0.021270619
0.025857793
0.030629126
0.035498369
0.040357497
0.045148465
0.049831547
0.054376984
0.058763722
0.062977384
0.066944806
0.070612068
0.074324939
0.07847353
0.08335127
0.089258034
0.096543885
0.10561453
0.11686934
0.13079089
0.14783587
0.16793599
0.19096138
0.21613302
0.24144971
0.26531794
0.28102894
0.2931656
0.29644962
0.29195653
6.5675751e-08
6.5502063e-08
6.5313653e-08
6.5112285e-08
6.4896177e-08
6.4667121e-08
6.4423805e-08
6.4166737e-08
6.3897251e-08
6.3612346e-08
6.3318896e-08
6.3008024e-08
6.2694421e-08
6.2361218e-08
6.203604e-08
6.1686311e-08
6.135997e-08
6.1004283e-08
6.0721847e-08
6.0317938e-08
6.0337898e-08
6.0187068e-08
6.0256079e-08
6.0247245e-08
6.5169035e-08
9.3704478e-08
2.3932419e-07
8.4175175e-07
2.6544449e-06
6.2269509e-06
2.2311487e-05
4.6703192e-05
0.00010403907
0.00019087088
0.00033743922
0.00055096137
0.00084574369
0.0012317152
0.0017165093
0.0022999694
0.002983362
0.003758413
0.0046222227
0.0055569074
0.0065688052
0.0076599981
0.0088755076
0.010388099
0.012201707
0.014482549
0.017492959
0.02161275
0.027408244
0.035767902
0.048042912
0.065459413
0.090045668
0.12233718
0.15982353
0.1973246
0.232032
0.25210815
0.26699431
0.27026081
6.5002742e-08
6.4825313e-08
6.4630571e-08
6.4424604e-08
6.4198837e-08
6.3963152e-08
6.3705099e-08
6.343929e-08
6.3148565e-08
6.2853567e-08
6.2531071e-08
6.2209673e-08
6.185767e-08
6.1514808e-08
6.1137205e-08
6.0779708e-08
6.0382226e-08
6.0017917e-08
5.9608225e-08
5.9245322e-08
5.8832514e-08
5.848702e-08
5.8077552e-08
5.776622e-08
5.7355392e-08
5.7225183e-08
5.6837813e-08
5.6831395e-08
5.6317033e-08
5.6598917e-08
5.6077766e-08
5.741915e-08
6.1503813e-08
7.3010034e-08
1.039252e-07
1.779437e-07
3.0698285e-07
5.9428594e-07
9.5492801e-07
1.9919821e-06
3.0650677e-06
5.2536623e-06
7.543774e-06
1.3257294e-05
1.9492537e-05
2.6319603e-05
3.6545316e-05
4.8185302e-05
7.5132828e-05
0.00010617526
0.00018031518
0.00028522073
0.00053990545
0.00098750306
0.0021428636
0.0045919439
0.011397894
0.023966797
0.047617134
0.083474842
0.13335344
0.16674041
0.21132037
0.21994442
6.4661253e-08
6.4479951e-08
6.4282695e-08
6.4071677e-08
6.3842678e-08
6.3600012e-08
6.3337716e-08
6.3062326e-08
6.2766275e-08
6.2458363e-08
6.2129595e-08
6.1791055e-08
6.1432304e-08
6.1066893e-08
6.0682819e-08
6.0295899e-08
5.9893457e-08
5.9491782e-08
5.9080359e-08
5.8674258e-08
5.826326e-08
5.7860287e-08
5.7457737e-08
5.7068016e-08
5.6678771e-08
5.6315553e-08
5.5941635e-08
5.5619261e-08
5.5260746e-08
5.4985517e-08
5.4649896e-08
5.4415299e-08
5.413123e-08
5.3948758e-08
5.3704576e-08
5.3537469e-08
5.3339135e-08
5.3184247e-08
5.3030971e-08
5.2896601e-08
5.2785928e-08
5.2693561e-08
5.2598072e-08
5.2452388e-08
5.2770503e-08
5.2560643e-08
5.2790629e-08
5.2878653e-08
5.4327162e-08
5.219307e-08
6.4243016e-08
3.082297e-08
1.7258899e-07
1.4774424e-07
2.4480416e-06
8.4203376e-06
3.1379836e-05
0.00034960951
0.0015924698
0.0074312395
0.026959929
0.049727032
0.10494927
0.12949761
6.4511723e-08
6.4327865e-08
6.4129597e-08
6.3915234e-08
6.3685328e-08
6.3438179e-08
6.3175178e-08
6.2893867e-08
6.2597511e-08
6.2281992e-08
6.1953582e-08
6.1605597e-08
6.1248197e-08
6.0871594e-08
6.0490097e-08
6.0090978e-08
5.9691961e-08
5.9278244e-08
5.8869592e-08
5.8449012e-08
5.8039584e-08
5.7621235e-08
5.721906e-08
5.681393e-08
5.6424002e-08
5.6047116e-08
5.5669545e-08
5.5335492e-08
5.4969541e-08
5.4686545e-08
5.4337651e-08
5.4100752e-08
5.378448e-08
5.357626e-08
5.3312303e-08
5.3114178e-08
5.2913151e-08
5.2718263e-08
5.257409e-08
5.2389382e-08
5.2284042e-08
5.2123386e-08
5.2033959e-08
5.1914631e-08
5.1816074e-08
5.1749741e-08
5.1610274e-08
5.159007e-08
5.1360449e-08
5.1383937e-08
5.105403e-08
5.0947362e-08
5.1305284e-08
4.8057953e-08
4.7486929e-08
4.8431931e-08
4.4905614e-08
1.0173742e-08
1.0175352e-05
2.9226932e-05
0.00032598347
0.0020156129
0.0134959
0.031617965
6.4462551e-08
6.4277406e-08
6.4079471e-08
6.3863607e-08
6.363497e-08
6.3386012e-08
6.3125749e-08
6.2842209e-08
6.2550825e-08
6.2232508e-08
6.191239e-08
6.1560745e-08
6.1216521e-08
6.0834832e-08
6.0473587e-08
6.0067014e-08
5.9698131e-08
5.9273714e-08
5.8908088e-08
5.8474833e-08
5.8123458e-08
5.7693408e-08
5.7365768e-08
5.6952449e-08
5.6654888e-08
5.627148e-08
5.6006758e-08
5.5666926e-08
5.5431982e-08
5.5150337e-08
5.4935179e-08
5.472586e-08
5.4518041e-08
5.438701e-08
5.418287e-08
5.411749e-08
5.3930917e-08
5.3899289e-08
5.3755632e-08
5.3722171e-08
5.3639747e-08
5.3584369e-08
5.3562146e-08
5.3484987e-08
5.3506835e-08
5.3417487e-08
5.3477451e-08
5.3359751e-08
5.3464661e-08
5.3306343e-08
5.3466662e-08
5.3319883e-08
5.3466459e-08
5.3599347e-08
5.3663082e-08
5.4318416e-08
5.5196219e-08
5.5777894e-08
5.2539863e-08
6.9944515e-08
8.5576953e-08
2.8213145e-07
3.2057283e-05
0.00092711153
6.4494673e-08
6.4398949e-08
6.4296907e-08
6.4191749e-08
6.408092e-08
6.3969073e-08
6.3852801e-08
6.3738882e-08
6.3622486e-08
6.3513338e-08
6.3404397e-08
6.3309224e-08
6.321755e-08
6.3147695e-08
6.3084866e-08
6.3053059e-08
6.3031419e-08
6.3050387e-08
6.3081542e-08
6.3162072e-08
6.3255075e-08
6.3403882e-08
6.3563405e-08
6.3781414e-08
6.4006395e-08
6.4287991e-08
6.4571295e-08
6.4904752e-08
6.5234119e-08
6.5603197e-08
6.5963115e-08
6.6349671e-08
6.6723422e-08
6.7110467e-08
6.7481559e-08
6.7855544e-08
6.8209462e-08
6.8560959e-08
6.8886892e-08
6.9209714e-08
6.9501597e-08
6.9791845e-08
7.0047915e-08
7.0303747e-08
7.0525464e-08
7.0763088e-08
7.1005431e-08
7.1282381e-08
7.159795e-08
7.1988684e-08
7.2462378e-08
7.306799e-08
7.3814961e-08
7.4816326e-08
7.5984397e-08
7.761549e-08
7.9328251e-08
8.1989586e-08
8.440807e-08
8.7166354e-08
8.5155396e-08
8.2397839e-08
2.876392e-08
2.9640247e-07
1.1054504e-07
1.1073793e-07
1.1094422e-07
1.111638e-07
1.1139632e-07
1.1164118e-07
1.1189745e-07
1.1216385e-07
1.1243881e-07
1.1272037e-07
1.1300631e-07
1.1329412e-07
1.1358111e-07
1.1386448e-07
1.1414142e-07
1.1440921e-07
1.146654e-07
1.1490777e-07
1.1513457e-07
1.1534444e-07
1.1553656e-07
1.1571053e-07
1.158665e-07
1.1600485e-07
1.1612656e-07
1.162325e-07
1.1632421e-07
1.1640264e-07
1.1646974e-07
1.1652617e-07
1.1657466e-07
1.1661687e-07
1.1665217e-07
1.1668066e-07
1.1670443e-07
1.1672332e-07
1.167391e-07
1.1675147e-07
1.1676181e-07
1.1676985e-07
1.1677655e-07
1.1678176e-07
1.1678602e-07
1.1678943e-07
1.1679209e-07
1.1679464e-07
1.1679705e-07
1.1679918e-07
1.1680135e-07
1.1680306e-07
1.1680461e-07
1.1680495e-07
1.168044e-07
1.1680097e-07
1.1679564e-07
1.1678462e-07
1.1677311e-07
1.1675218e-07
1.1673863e-07
1.1671035e-07
1.1672682e-07
1.1670374e-07
1.1695237e-07
1.1628549e-07
)
;

boundaryField
{
    axis
    {
        type            empty;
    }
    inlet
    {
        type            calculated;
        value           uniform 1.4502881e-07;
    }
    wedge1
    {
        type            wedge;
    }
    wedge2
    {
        type            wedge;
    }
    wall1
    {
        type            nutUSpaldingWallFunction;
        Cmu             0.09;
        kappa           0.41;
        E               9.8;
        value           nonuniform List<scalar> 
24
(
4.700111e-09
9.7906883e-10
8.537545e-10
1.6375026e-09
2.4969448e-09
3.4638074e-09
4.7923181e-09
6.7509034e-09
9.6467808e-09
1.4342361e-08
2.1580934e-08
3.1572864e-08
4.9365829e-08
7.5474328e-08
1.255438e-07
1.9253402e-07
3.0355499e-07
4.2391226e-07
5.7040121e-07
6.9010827e-07
7.90199e-07
8.0465274e-07
7.6176353e-07
8.3616555e-07
)
;
    }
    inflow1
    {
        type            calculated;
        value           uniform 1.4502881e-07;
    }
    wall2
    {
        type            nutUSpaldingWallFunction;
        Cmu             0.09;
        kappa           0.41;
        E               9.8;
        value           nonuniform List<scalar> 
15
(
3.8112552e-08
6.5793795e-09
5.2228911e-09
5.5536167e-09
7.4087741e-09
1.1261117e-08
2.3235302e-08
6.684946e-09
1.143617e-09
8.6776704e-09
2.7750287e-08
7.3310767e-08
2.1544921e-07
4.0139339e-07
2.2552396e-06
)
;
    }
    inflow2
    {
        type            calculated;
        value           uniform 1.4502881e-07;
    }
    outlet
    {
        type            calculated;
        value           nonuniform List<scalar> 
56
(
0.22759305
0.22759607
0.22761103
0.22763962
0.22768362
0.22774503
0.22782606
0.22792917
0.22805705
0.22821266
0.22839921
0.2286202
0.22887942
0.22918097
0.22952927
0.22992908
0.23038554
0.23090419
0.23149102
0.23215251
0.23289569
0.23372819
0.23465835
0.23569524
0.23684878
0.23812975
0.23954988
0.24112187
0.2428592
0.24478413
0.24691069
0.24925608
0.25183754
0.2546729
0.25777981
0.26117315
0.26486409
0.26885764
0.27314898
0.27771788
0.2825203
0.28747514
0.29244299
0.29719285
0.30134803
0.3042934
0.30501705
0.30183813
0.29195653
0.27026081
0.21994442
0.12949761
0.031617965
0.00092711153
2.9640247e-07
1.1628549e-07
)
;
    }
    wall3
    {
        type            nutUSpaldingWallFunction;
        Cmu             0.09;
        kappa           0.41;
        E               9.8;
        value           nonuniform List<scalar> 8(0.00027309886 0.00026025633 0.00024650368 0.00023070124 0.00021207571 0.0001890951 0.00016229069 0.00013384111);
    }
}


// ************************************************************************* //
